2000.0 1.638e-06
2002.0 2.003e-06
2004.0 2.263e-06
2006.0 2.389e-06
2008.0 2.379e-06
2010.0 2.253e-06
2012.0 2.046e-06
2014.0 1.801e-06
2016.0 1.565e-06
2018.0 1.383e-06
2020.0 1.299e-06
2022.0 1.347e-06
2024.0 1.543e-06
2026.0 1.879e-06
2028.0 2.321e-06
2030.0 2.813e-06
2032.0 3.289e-06
2034.0 3.69e-06
2036.0 3.971e-06
2038.0 4.115e-06
2040.0 4.12e-06
2042.0 4.001e-06
2044.0 3.775e-06
2046.0 3.46e-06
2048.0 3.076e-06
2050.0 2.647e-06
2052.0 2.212e-06
2054.0 1.818e-06
2056.0 1.522e-06
2058.0 1.371e-06
2060.0 1.391e-06
2062.0 1.57e-06
2064.0 1.853e-06
2066.0 2.155e-06
2068.0 2.384e-06
2070.0 2.467e-06
2072.0 2.377e-06
2074.0 2.141e-06
2076.0 1.828e-06
2078.0 1.526e-06
2080.0 1.312e-06
2082.0 1.226e-06
2084.0 1.267e-06
2086.0 1.397e-06
2088.0 1.563e-06
2090.0 1.709e-06
2092.0 1.796e-06
2094.0 1.806e-06
2096.0 1.735e-06
2098.0 1.593e-06
2100.0 1.397e-06
2102.0 1.173e-06
2104.0 9.49e-07
2106.0 7.58e-07
2108.0 6.31e-07
2110.0 5.88e-07
2112.0 6.37e-07
2114.0 7.7e-07
2116.0 9.6e-07
2118.0 1.17e-06
2120.0 1.363e-06
2122.0 1.506e-06
2124.0 1.579e-06
2126.0 1.574e-06
2128.0 1.501e-06
2130.0 1.379e-06
2132.0 1.235e-06
2134.0 1.104e-06
2136.0 1.025e-06
2138.0 1.037e-06
2140.0 1.167e-06
2142.0 1.42e-06
2144.0 1.768e-06
2146.0 2.151e-06
2148.0 2.489e-06
2150.0 2.706e-06
2152.0 2.751e-06
2154.0 2.62e-06
2156.0 2.354e-06
2158.0 2.03e-06
2160.0 1.728e-06
2162.0 1.51e-06
2164.0 1.403e-06
2166.0 1.397e-06
2168.0 1.459e-06
2170.0 1.545e-06
2172.0 1.618e-06
2174.0 1.653e-06
2176.0 1.642e-06
2178.0 1.589e-06
2180.0 1.509e-06
2182.0 1.42e-06
2184.0 1.344e-06
2186.0 1.301e-06
2188.0 1.299e-06
2190.0 1.335e-06
2192.0 1.394e-06
2194.0 1.452e-06
2196.0 1.485e-06
2198.0 1.477e-06
2200.0 1.424e-06
2202.0 1.334e-06
2204.0 1.23e-06
2206.0 1.136e-06
2208.0 1.077e-06
2210.0 1.072e-06
2212.0 1.13e-06
2214.0 1.25e-06
2216.0 1.416e-06
2218.0 1.601e-06
2220.0 1.777e-06
2222.0 1.915e-06
2224.0 1.998e-06
2226.0 2.021e-06
2228.0 1.993e-06
2230.0 1.927e-06
2232.0 1.837e-06
2234.0 1.729e-06
2236.0 1.603e-06
2238.0 1.459e-06
2240.0 1.299e-06
2242.0 1.134e-06
2244.0 9.79e-07
2246.0 8.53e-07
2248.0 7.64e-07
2250.0 7.11e-07
2252.0 6.8e-07
2254.0 6.54e-07
2256.0 6.18e-07
2258.0 5.71e-07
2260.0 5.24e-07
2262.0 4.94e-07
2264.0 5.02e-07
2266.0 5.55e-07
2268.0 6.5e-07
2270.0 7.67e-07
2272.0 8.85e-07
2274.0 9.82e-07
2276.0 1.051e-06
2278.0 1.095e-06
2280.0 1.127e-06
2282.0 1.158e-06
2284.0 1.195e-06
2286.0 1.235e-06
2288.0 1.265e-06
2290.0 1.27e-06
2292.0 1.24e-06
2294.0 1.175e-06
2296.0 1.088e-06
2298.0 9.99e-07
2300.0 9.3e-07
2302.0 8.92e-07
2304.0 8.86e-07
2306.0 8.96e-07
2308.0 9.01e-07
2310.0 8.8e-07
2312.0 8.19e-07
2314.0 7.21e-07
2316.0 6.02e-07
2318.0 4.87e-07
2320.0 4e-07
2322.0 3.58e-07
2324.0 3.65e-07
2326.0 4.14e-07
2328.0 4.86e-07
2330.0 5.64e-07
2332.0 6.3e-07
2334.0 6.78e-07
2336.0 7.11e-07
2338.0 7.41e-07
2340.0 7.85e-07
2342.0 8.58e-07
2344.0 9.63e-07
2346.0 1.093e-06
2348.0 1.226e-06
2350.0 1.332e-06
2352.0 1.387e-06
2354.0 1.373e-06
2356.0 1.292e-06
2358.0 1.162e-06
2360.0 1.015e-06
2362.0 8.84e-07
2364.0 7.94e-07
2366.0 7.56e-07
2368.0 7.64e-07
2370.0 8.03e-07
2372.0 8.57e-07
2374.0 9.11e-07
2376.0 9.6e-07
2378.0 1.005e-06
2380.0 1.048e-06
2382.0 1.087e-06
2384.0 1.116e-06
2386.0 1.128e-06
2388.0 1.119e-06
2390.0 1.091e-06
2392.0 1.054e-06
2394.0 1.02e-06
2396.0 9.99e-07
2398.0 9.96e-07
2400.0 1.005e-06
2402.0 1.017e-06
2404.0 1.022e-06
2406.0 1.014e-06
2408.0 9.94e-07
2410.0 9.7e-07
2412.0 9.55e-07
2414.0 9.58e-07
2416.0 9.81e-07
2418.0 1.017e-06
2420.0 1.051e-06
2422.0 1.068e-06
2424.0 1.059e-06
2426.0 1.029e-06
2428.0 9.94e-07
2430.0 9.78e-07
2432.0 1.003e-06
2434.0 1.075e-06
2436.0 1.182e-06
2438.0 1.297e-06
2440.0 1.383e-06
2442.0 1.411e-06
2444.0 1.364e-06
2446.0 1.252e-06
2448.0 1.099e-06
2450.0 9.4e-07
2452.0 8.1e-07
2454.0 7.27e-07
2456.0 6.95e-07
2458.0 7.04e-07
2460.0 7.35e-07
2462.0 7.74e-07
2464.0 8.16e-07
2466.0 8.68e-07
2468.0 9.4e-07
2470.0 1.037e-06
2472.0 1.156e-06
2474.0 1.285e-06
2476.0 1.403e-06
2478.0 1.495e-06
2480.0 1.553e-06
2482.0 1.58e-06
2484.0 1.581e-06
2486.0 1.561e-06
2488.0 1.518e-06
2490.0 1.446e-06
2492.0 1.339e-06
2494.0 1.198e-06
2496.0 1.036e-06
2498.0 8.77e-07
2500.0 7.44e-07
2502.0 6.57e-07
2504.0 6.19e-07
2506.0 6.25e-07
2508.0 6.6e-07
2510.0 7.09e-07
2512.0 7.6e-07
2514.0 8.1e-07
2516.0 8.57e-07
2518.0 9.03e-07
2520.0 9.42e-07
2522.0 9.69e-07
2524.0 9.77e-07
2526.0 9.59e-07
2528.0 9.19e-07
2530.0 8.63e-07
2532.0 8.02e-07
2534.0 7.44e-07
2536.0 6.92e-07
2538.0 6.41e-07
2540.0 5.82e-07
2542.0 5.06e-07
2544.0 4.1e-07
2546.0 3.03e-07
2548.0 1.99e-07
2550.0 1.26e-07
2552.0 1.09e-07
2554.0 1.72e-07
2556.0 3.29e-07
2558.0 5.82e-07
2560.0 9.12e-07
2562.0 1.285e-06
2564.0 1.654e-06
2566.0 1.962e-06
2568.0 2.162e-06
2570.0 2.226e-06
2572.0 2.154e-06
2574.0 1.974e-06
2576.0 1.742e-06
2578.0 1.521e-06
2580.0 1.367e-06
2582.0 1.314e-06
2584.0 1.366e-06
2586.0 1.498e-06
2588.0 1.665e-06
2590.0 1.819e-06
2592.0 1.924e-06
2594.0 1.963e-06
2596.0 1.943e-06
2598.0 1.888e-06
2600.0 1.827e-06
2602.0 1.785e-06
2604.0 1.769e-06
2606.0 1.771e-06
2608.0 1.773e-06
2610.0 1.754e-06
2612.0 1.705e-06
2614.0 1.628e-06
2616.0 1.541e-06
2618.0 1.463e-06
2620.0 1.414e-06
2622.0 1.401e-06
2624.0 1.421e-06
2626.0 1.461e-06
2628.0 1.502e-06
2630.0 1.531e-06
2632.0 1.542e-06
2634.0 1.539e-06
2636.0 1.53e-06
2638.0 1.53e-06
2640.0 1.547e-06
2642.0 1.587e-06
2644.0 1.647e-06
2646.0 1.716e-06
2648.0 1.777e-06
2650.0 1.819e-06
2652.0 1.83e-06
2654.0 1.807e-06
2656.0 1.755e-06
2658.0 1.676e-06
2660.0 1.573e-06
2662.0 1.447e-06
2664.0 1.301e-06
2666.0 1.14e-06
2668.0 9.75e-07
2670.0 8.27e-07
2672.0 7.13e-07
2674.0 6.49e-07
2676.0 6.41e-07
2678.0 6.94e-07
2680.0 8.09e-07
2682.0 9.93e-07
2684.0 1.251e-06
2686.0 1.581e-06
2688.0 1.96e-06
2690.0 2.348e-06
2692.0 2.683e-06
2694.0 2.904e-06
2696.0 2.97e-06
2698.0 2.875e-06
2700.0 2.65e-06
2702.0 2.351e-06
2704.0 2.044e-06
2706.0 1.778e-06
2708.0 1.578e-06
2710.0 1.439e-06
2712.0 1.343e-06
2714.0 1.265e-06
2716.0 1.193e-06
2718.0 1.129e-06
2720.0 1.087e-06
2722.0 1.086e-06
2724.0 1.14e-06
2726.0 1.254e-06
2728.0 1.418e-06
2730.0 1.607e-06
2732.0 1.789e-06
2734.0 1.932e-06
2736.0 2.015e-06
2738.0 2.029e-06
2740.0 1.981e-06
2742.0 1.889e-06
2744.0 1.77e-06
2746.0 1.638e-06
2748.0 1.5e-06
2750.0 1.355e-06
2752.0 1.204e-06
2754.0 1.056e-06
2756.0 9.29e-07
2758.0 8.56e-07
2760.0 8.72e-07
2762.0 1.01e-06
2764.0 1.285e-06
2766.0 1.685e-06
2768.0 2.164e-06
2770.0 2.655e-06
2772.0 3.076e-06
2774.0 3.353e-06
2776.0 3.444e-06
2778.0 3.347e-06
2780.0 3.103e-06
2782.0 2.779e-06
2784.0 2.447e-06
2786.0 2.161e-06
2788.0 1.946e-06
2790.0 1.799e-06
2792.0 1.702e-06
2794.0 1.64e-06
2796.0 1.604e-06
2798.0 1.599e-06
2800.0 1.629e-06
2802.0 1.692e-06
2804.0 1.771e-06
2806.0 1.838e-06
2808.0 1.861e-06
2810.0 1.818e-06
2812.0 1.704e-06
2814.0 1.533e-06
2816.0 1.331e-06
2818.0 1.133e-06
2820.0 9.72e-07
2822.0 8.73e-07
2824.0 8.53e-07
2826.0 9.23e-07
2828.0 1.091e-06
2830.0 1.357e-06
2832.0 1.714e-06
2834.0 2.138e-06
2836.0 2.588e-06
2838.0 3.002e-06
2840.0 3.31e-06
2842.0 3.451e-06
2844.0 3.386e-06
2846.0 3.12e-06
2848.0 2.701e-06
2850.0 2.216e-06
2852.0 1.765e-06
2854.0 1.439e-06
2856.0 1.296e-06
2858.0 1.345e-06
2860.0 1.552e-06
2862.0 1.847e-06
2864.0 2.151e-06
2866.0 2.398e-06
2868.0 2.548e-06
2870.0 2.601e-06
2872.0 2.583e-06
2874.0 2.541e-06
2876.0 2.516e-06
2878.0 2.54e-06
2880.0 2.623e-06
2882.0 2.766e-06
2884.0 2.965e-06
2886.0 3.215e-06
2888.0 3.506e-06
2890.0 3.814e-06
2892.0 4.098e-06
2894.0 4.307e-06
2896.0 4.392e-06
2898.0 4.328e-06
2900.0 4.129e-06
2902.0 3.846e-06
2904.0 3.551e-06
2906.0 3.308e-06
2908.0 3.152e-06
2910.0 3.075e-06
2912.0 3.037e-06
2914.0 2.983e-06
2916.0 2.87e-06
2918.0 2.679e-06
2920.0 2.421e-06
2922.0 2.129e-06
2924.0 1.837e-06
2926.0 1.576e-06
2928.0 1.361e-06
2930.0 1.194e-06
2932.0 1.075e-06
2934.0 1.003e-06
2936.0 9.87e-07
2938.0 1.04e-06
2940.0 1.175e-06
2942.0 1.395e-06
2944.0 1.688e-06
2946.0 2.022e-06
2948.0 2.357e-06
2950.0 2.65e-06
2952.0 2.866e-06
2954.0 2.984e-06
2956.0 3e-06
2958.0 2.922e-06
2960.0 2.764e-06
2962.0 2.549e-06
2964.0 2.301e-06
2966.0 2.052e-06
2968.0 1.835e-06
2970.0 1.683e-06
2972.0 1.615e-06
2974.0 1.635e-06
2976.0 1.725e-06
2978.0 1.847e-06
2980.0 1.959e-06
2982.0 2.021e-06
2984.0 2.01e-06
2986.0 1.923e-06
2988.0 1.777e-06
2990.0 1.597e-06
2992.0 1.412e-06
2994.0 1.251e-06
2996.0 1.144e-06
2998.0 1.118e-06
3000.0 1.199e-06
3002.0 1.402e-06
3004.0 1.73e-06
3006.0 2.161e-06
3008.0 2.655e-06
3010.0 3.16e-06
3012.0 3.611e-06
3014.0 3.955e-06
3016.0 4.148e-06
3018.0 4.172e-06
3020.0 4.036e-06
3022.0 3.777e-06
3024.0 3.466e-06
3026.0 3.195e-06
3028.0 3.065e-06
3030.0 3.156e-06
3032.0 3.505e-06
3034.0 4.079e-06
3036.0 4.774e-06
3038.0 5.436e-06
3040.0 5.901e-06
3042.0 6.042e-06
3044.0 5.811e-06
3046.0 5.25e-06
3048.0 4.48e-06
3050.0 3.663e-06
3052.0 2.954e-06
3054.0 2.461e-06
3056.0 2.222e-06
3058.0 2.21e-06
3060.0 2.353e-06
3062.0 2.568e-06
3064.0 2.79e-06
3066.0 2.985e-06
3068.0 3.146e-06
3070.0 3.288e-06
3072.0 3.428e-06
3074.0 3.575e-06
3076.0 3.726e-06
3078.0 3.869e-06
3080.0 3.993e-06
3082.0 4.092e-06
3084.0 4.167e-06
3086.0 4.225e-06
3088.0 4.264e-06
3090.0 4.273e-06
3092.0 4.228e-06
3094.0 4.097e-06
3096.0 3.862e-06
3098.0 3.531e-06
3100.0 3.15e-06
3102.0 2.8e-06
3104.0 2.584e-06
3106.0 2.594e-06
3108.0 2.881e-06
3110.0 3.437e-06
3112.0 4.186e-06
3114.0 5.001e-06
3116.0 5.731e-06
3118.0 6.237e-06
3120.0 6.423e-06
3122.0 6.266e-06
3124.0 5.818e-06
3126.0 5.203e-06
3128.0 4.59e-06
3130.0 4.158e-06
3132.0 4.046e-06
3134.0 4.314e-06
3136.0 4.923e-06
3138.0 5.739e-06
3140.0 6.569e-06
3142.0 7.209e-06
3144.0 7.506e-06
3146.0 7.4e-06
3148.0 6.937e-06
3150.0 6.244e-06
3152.0 5.491e-06
3154.0 4.836e-06
3156.0 4.384e-06
3158.0 4.166e-06
3160.0 4.153e-06
3162.0 4.275e-06
3164.0 4.455e-06
3166.0 4.626e-06
3168.0 4.741e-06
3170.0 4.768e-06
3172.0 4.682e-06
3174.0 4.467e-06
3176.0 4.115e-06
3178.0 3.644e-06
3180.0 3.101e-06
3182.0 2.561e-06
3184.0 2.106e-06
3186.0 1.811e-06
3188.0 1.717e-06
3190.0 1.829e-06
3192.0 2.11e-06
3194.0 2.496e-06
3196.0 2.908e-06
3198.0 3.271e-06
3200.0 3.532e-06
3202.0 3.675e-06
3204.0 3.723e-06
3206.0 3.738e-06
3208.0 3.8e-06
3210.0 3.985e-06
3212.0 4.326e-06
3214.0 4.798e-06
3216.0 5.308e-06
3218.0 5.722e-06
3220.0 5.906e-06
3222.0 5.766e-06
3224.0 5.287e-06
3226.0 4.538e-06
3228.0 3.657e-06
3230.0 2.81e-06
3232.0 2.148e-06
3234.0 1.771e-06
3236.0 1.712e-06
3238.0 1.938e-06
3240.0 2.369e-06
3242.0 2.901e-06
3244.0 3.428e-06
3246.0 3.862e-06
3248.0 4.146e-06
3250.0 4.259e-06
3252.0 4.218e-06
3254.0 4.067e-06
3256.0 3.87e-06
3258.0 3.691e-06
3260.0 3.577e-06
3262.0 3.547e-06
3264.0 3.595e-06
3266.0 3.696e-06
3268.0 3.813e-06
3270.0 3.912e-06
3272.0 3.967e-06
3274.0 3.966e-06
3276.0 3.913e-06
3278.0 3.827e-06
3280.0 3.738e-06
3282.0 3.684e-06
3284.0 3.708e-06
3286.0 3.845e-06
3288.0 4.107e-06
3290.0 4.47e-06
3292.0 4.876e-06
3294.0 5.235e-06
3296.0 5.449e-06
3298.0 5.441e-06
3300.0 5.189e-06
3302.0 4.74e-06
3304.0 4.21e-06
3306.0 3.748e-06
3308.0 3.493e-06
3310.0 3.534e-06
3312.0 3.874e-06
3314.0 4.43e-06
3316.0 5.055e-06
3318.0 5.589e-06
3320.0 5.902e-06
3322.0 5.923e-06
3324.0 5.66e-06
3326.0 5.182e-06
3328.0 4.593e-06
3330.0 3.997e-06
3332.0 3.48e-06
3334.0 3.084e-06
3336.0 2.813e-06
3338.0 2.655e-06
3340.0 2.598e-06
3342.0 2.649e-06
3344.0 2.83e-06
3346.0 3.169e-06
3348.0 3.672e-06
3350.0 4.301e-06
3352.0 4.976e-06
3354.0 5.584e-06
3356.0 6.025e-06
3358.0 6.235e-06
3360.0 6.21e-06
3362.0 5.995e-06
3364.0 5.665e-06
3366.0 5.286e-06
3368.0 4.895e-06
3370.0 4.494e-06
3372.0 4.068e-06
3374.0 3.603e-06
3376.0 3.112e-06
3378.0 2.638e-06
3380.0 2.25e-06
3382.0 2.033e-06
3384.0 2.068e-06
3386.0 2.419e-06
3388.0 3.117e-06
3390.0 4.144e-06
3392.0 5.423e-06
3394.0 6.816e-06
3396.0 8.135e-06
3398.0 9.175e-06
3400.0 9.764e-06
3402.0 9.799e-06
3404.0 9.283e-06
3406.0 8.332e-06
3408.0 7.153e-06
3410.0 5.99e-06
3412.0 5.076e-06
3414.0 4.604e-06
3416.0 4.696e-06
3418.0 5.399e-06
3420.0 6.7e-06
3422.0 8.505e-06
3424.0 1.0634e-05
3426.0 1.2823e-05
3428.0 1.4756e-05
3430.0 1.6137e-05
3432.0 1.6759e-05
3434.0 1.658e-05
3436.0 1.5739e-05
3438.0 1.4513e-05
3440.0 1.3229e-05
3442.0 1.2163e-05
3444.0 1.1453e-05
3446.0 1.108e-05
3448.0 1.0928e-05
3450.0 1.0848e-05
3452.0 1.0741e-05
3454.0 1.0613e-05
3456.0 1.057e-05
3458.0 1.0765e-05
3460.0 1.1317e-05
3462.0 1.2258e-05
3464.0 1.3464e-05
3466.0 1.4686e-05
3468.0 1.5615e-05
3470.0 1.599e-05
3472.0 1.5689e-05
3474.0 1.4767e-05
3476.0 1.344e-05
3478.0 1.1997e-05
3480.0 1.0686e-05
3482.0 9.644e-06
3484.0 8.868e-06
3486.0 8.263e-06
3488.0 7.702e-06
3490.0 7.087e-06
3492.0 6.395e-06
3494.0 5.657e-06
3496.0 4.929e-06
3498.0 4.26e-06
3500.0 3.667e-06
3502.0 3.142e-06
3504.0 2.672e-06
3506.0 2.255e-06
3508.0 1.888e-06
3510.0 1.59e-06
3512.0 1.377e-06
3514.0 1.26e-06
3516.0 1.246e-06
3518.0 1.329e-06
3520.0 1.492e-06
3522.0 1.705e-06
3524.0 1.935e-06
3526.0 2.15e-06
3528.0 2.335e-06
3530.0 2.487e-06
3532.0 2.621e-06
3534.0 2.746e-06
3536.0 2.869e-06
3538.0 2.978e-06
3540.0 3.054e-06
3542.0 3.091e-06
3544.0 3.102e-06
3546.0 3.122e-06
3548.0 3.209e-06
3550.0 3.433e-06
3552.0 3.86e-06
3554.0 4.559e-06
3556.0 5.606e-06
3558.0 7.102e-06
3560.0 9.153e-06
3562.0 1.1869e-05
3564.0 1.5339e-05
3566.0 1.9619e-05
3568.0 2.4752e-05
3570.0 3.079e-05
3572.0 3.7844e-05
3574.0 4.6121e-05
3576.0 5.5938e-05
3578.0 6.7694e-05
3580.0 8.1824e-05
3582.0 9.8766e-05
3584.0 0.000118936
3586.0 0.000142745
3588.0 0.000170643
3590.0 0.000203154
3592.0 0.00024092
3594.0 0.000284728
3596.0 0.000335462
3598.0 0.00039407
3600.0 0.000461473
3602.0 0.0005385
3604.0 0.000625907
3606.0 0.000724359
3608.0 0.000834565
3610.0 0.000957364
3612.0 0.001093835
3614.0 0.001245357
3616.0 0.001413559
3618.0 0.001600274
3620.0 0.001807385
3622.0 0.002036725
3624.0 0.002289954
3626.0 0.002568607
3628.0 0.002873994
3630.0 0.003207311
3632.0 0.003569671
3634.0 0.003962093
3636.0 0.004385663
3638.0 0.004841679
3640.0 0.005331763
3642.0 0.005858067
3644.0 0.006423324
3646.0 0.007030744
3648.0 0.007683905
3650.0 0.008386298
3652.0 0.009140972
3654.0 0.009950006
3656.0 0.0108143
3658.0 0.01173328
3660.0 0.01270528
3662.0 0.01372833
3664.0 0.0148007
3666.0 0.0159221
3668.0 0.0170941
3670.0 0.01832002
3672.0 0.01960443
3674.0 0.02095219
3676.0 0.02236759
3678.0 0.0238532
3680.0 0.02540991
3682.0 0.02703659
3684.0 0.02873086
3686.0 0.03049001
3688.0 0.03231197
3690.0 0.03419634
3692.0 0.0361447
3694.0 0.03816004
3696.0 0.04024588
3698.0 0.04240526
3700.0 0.0446397
3702.0 0.04694899
3704.0 0.04933138
3706.0 0.05178424
3708.0 0.0543048
3710.0 0.05689066
3712.0 0.05953998
3714.0 0.06225181
3716.0 0.06502545
3718.0 0.06786035
3720.0 0.07075591
3722.0 0.07371116
3724.0 0.07672555
3726.0 0.07979915
3728.0 0.0829328
3730.0 0.08612785
3732.0 0.08938545
3734.0 0.09270532
3736.0 0.0960844
3738.0 0.09951762
3740.0 0.1029975
3742.0 0.1065183
3744.0 0.1100756
3746.0 0.1136686
3748.0 0.1172984
3750.0 0.1209666
3752.0 0.1246737
3754.0 0.1284184
3756.0 0.1321989
3758.0 0.1360148
3760.0 0.1398683
3762.0 0.1437647
3764.0 0.1477079
3766.0 0.1516989
3768.0 0.1557326
3770.0 0.1597978
3772.0 0.1638816
3774.0 0.1679736
3776.0 0.17207
3778.0 0.1761755
3780.0 0.1802999
3782.0 0.1844541
3784.0 0.1886456
3786.0 0.1928738
3788.0 0.1971325
3790.0 0.2014112
3792.0 0.2056991
3794.0 0.2099894
3796.0 0.2142814
3798.0 0.2185794
3800.0 0.2228892
3802.0 0.2272134
3804.0 0.2315498
3806.0 0.2358897
3808.0 0.2402191
3810.0 0.2445245
3812.0 0.2487967
3814.0 0.2530355
3816.0 0.2572482
3818.0 0.2614466
3820.0 0.2656417
3822.0 0.2698411
3824.0 0.274048
3826.0 0.2782616
3828.0 0.2824822
3830.0 0.2867102
3832.0 0.2909474
3834.0 0.2951964
3836.0 0.2994592
3838.0 0.303736
3840.0 0.3080268
3842.0 0.3123305
3844.0 0.3166422
3846.0 0.3209513
3848.0 0.3252382
3850.0 0.3294798
3852.0 0.3336524
3854.0 0.3377406
3856.0 0.3417452
3858.0 0.3456833
3860.0 0.3495879
3862.0 0.3534963
3864.0 0.3574393
3866.0 0.361434
3868.0 0.3654827
3870.0 0.3695739
3872.0 0.3736898
3874.0 0.3778087
3876.0 0.3819094
3878.0 0.3859702
3880.0 0.3899666
3882.0 0.3938739
3884.0 0.3976735
3886.0 0.4013573
3888.0 0.404935
3890.0 0.408435
3892.0 0.4118977
3894.0 0.4153672
3896.0 0.4188767
3898.0 0.4224405
3900.0 0.4260535
3902.0 0.4296958
3904.0 0.433344
3906.0 0.4369784
3908.0 0.4405859
3910.0 0.4441589
3912.0 0.4476902
3914.0 0.4511734
3916.0 0.4546018
3918.0 0.4579755
3920.0 0.4613038
3922.0 0.4646032
3924.0 0.4678943
3926.0 0.4711899
3928.0 0.4744899
3930.0 0.4777773
3932.0 0.4810271
3934.0 0.4842168
3936.0 0.487333
3938.0 0.4903769
3940.0 0.4933631
3942.0 0.4963087
3944.0 0.4992269
3946.0 0.5021287
3948.0 0.5050204
3950.0 0.5079085
3952.0 0.5108004
3954.0 0.5136984
3956.0 0.5166011
3958.0 0.5194983
3960.0 0.5223749
3962.0 0.5252134
3964.0 0.528003
3966.0 0.5307461
3968.0 0.5334528
3970.0 0.5361384
3972.0 0.5388158
3974.0 0.5414862
3976.0 0.5441379
3978.0 0.546746
3980.0 0.5492806
3982.0 0.5517191
3984.0 0.5540471
3986.0 0.5562735
3988.0 0.5584235
3990.0 0.5605372
3992.0 0.5626555
3994.0 0.5648102
3996.0 0.5670161
3998.0 0.569268
4000.0 0.5715452
4002.0 0.5738202
4004.0 0.57607
4006.0 0.5782796
4008.0 0.58045
4010.0 0.5825942
4012.0 0.5847323
4014.0 0.5868863
4016.0 0.5890708
4018.0 0.591289
4020.0 0.5935323
4022.0 0.5957834
4024.0 0.5980183
4026.0 0.6002126
4028.0 0.6023461
4030.0 0.6044025
4032.0 0.606369
4034.0 0.6082365
4036.0 0.6100004
4038.0 0.611663
4040.0 0.6132366
4042.0 0.6147427
4044.0 0.6162169
4046.0 0.6176976
4048.0 0.6192236
4050.0 0.6208262
4052.0 0.622519
4054.0 0.6242918
4056.0 0.6261143
4058.0 0.6279417
4060.0 0.6297275
4062.0 0.6314391
4064.0 0.6330656
4066.0 0.6346208
4068.0 0.6361286
4070.0 0.6376136
4072.0 0.6390885
4074.0 0.6405526
4076.0 0.6419975
4078.0 0.6434202
4080.0 0.644829
4082.0 0.6462479
4084.0 0.6477036
4086.0 0.6492146
4088.0 0.6507791
4090.0 0.6523725
4092.0 0.6539553
4094.0 0.6554864
4096.0 0.6569367
4098.0 0.6582962
4100.0 0.6595734
4102.0 0.6607864
4104.0 0.6619554
4106.0 0.6630989
4108.0 0.66423
4110.0 0.6653571
4112.0 0.6664868
4114.0 0.6676236
4116.0 0.6687637
4118.0 0.6698979
4120.0 0.671012
4122.0 0.6720889
4124.0 0.6731141
4126.0 0.6740825
4128.0 0.6750025
4130.0 0.6758954
4132.0 0.676788
4134.0 0.6777098
4136.0 0.6786837
4138.0 0.6797164
4140.0 0.680799
4142.0 0.6819047
4144.0 0.683002
4146.0 0.6840629
4148.0 0.6850797
4150.0 0.6860671
4152.0 0.6870575
4154.0 0.6880863
4156.0 0.6891738
4158.0 0.6903127
4160.0 0.6914658
4162.0 0.6925845
4164.0 0.6936228
4166.0 0.6945564
4168.0 0.695393
4170.0 0.6961636
4172.0 0.6969079
4174.0 0.6976585
4176.0 0.698428
4178.0 0.6992082
4180.0 0.6999797
4182.0 0.7007273
4184.0 0.70145
4186.0 0.7021612
4188.0 0.702883
4190.0 0.7036354
4192.0 0.7044293
4194.0 0.7052559
4196.0 0.7060945
4198.0 0.7069182
4200.0 0.7077009
4202.0 0.708425
4204.0 0.7090847
4206.0 0.7096838
4208.0 0.7102321
4210.0 0.7107451
4212.0 0.711242
4214.0 0.7117435
4216.0 0.7122697
4218.0 0.7128353
4220.0 0.7134477
4222.0 0.7140999
4224.0 0.7147746
4226.0 0.7154413
4228.0 0.7160656
4230.0 0.716616
4232.0 0.7170757
4234.0 0.7174476
4236.0 0.7177578
4238.0 0.7180445
4240.0 0.7183485
4242.0 0.7186957
4244.0 0.7190868
4246.0 0.7194967
4248.0 0.7198858
4250.0 0.7202128
4252.0 0.720451
4254.0 0.720602
4256.0 0.720693
4258.0 0.7207732
4260.0 0.7208929
4262.0 0.7210939
4264.0 0.7213931
4266.0 0.7217845
4268.0 0.7222439
4270.0 0.7227385
4272.0 0.7232344
4274.0 0.7237033
4276.0 0.7241246
4278.0 0.7244818
4280.0 0.7247608
4282.0 0.7249537
4284.0 0.7250606
4286.0 0.7250969
4288.0 0.7250884
4290.0 0.7250703
4292.0 0.7250791
4294.0 0.7251392
4296.0 0.7252583
4298.0 0.7254303
4300.0 0.7256349
4302.0 0.7258512
4304.0 0.7260641
4306.0 0.7262714
4308.0 0.7264792
4310.0 0.7266936
4312.0 0.7269146
4314.0 0.7271287
4316.0 0.7273079
4318.0 0.7274183
4320.0 0.7274351
4322.0 0.7273498
4324.0 0.7271788
4326.0 0.7269586
4328.0 0.7267362
4330.0 0.7265544
4332.0 0.7264407
4334.0 0.7264013
4336.0 0.7264204
4338.0 0.7264692
4340.0 0.7265133
4342.0 0.7265222
4344.0 0.7264746
4346.0 0.7263625
4348.0 0.7261944
4350.0 0.7259895
4352.0 0.7257731
4354.0 0.7255733
4356.0 0.7254125
4358.0 0.7253055
4360.0 0.7252597
4362.0 0.7252744
4364.0 0.7253423
4366.0 0.7254465
4368.0 0.7255632
4370.0 0.725665
4372.0 0.7257218
4374.0 0.7257059
4376.0 0.7256028
4378.0 0.7254111
4380.0 0.725148
4382.0 0.7248428
4384.0 0.7245308
4386.0 0.7242419
4388.0 0.7239895
4390.0 0.723772
4392.0 0.7235742
4394.0 0.7233768
4396.0 0.7231681
4398.0 0.7229475
4400.0 0.7227277
4402.0 0.7225255
4404.0 0.7223558
4406.0 0.7222229
4408.0 0.7221181
4410.0 0.7220271
4412.0 0.7219314
4414.0 0.7218162
4416.0 0.721671
4418.0 0.7214878
4420.0 0.7212585
4422.0 0.7209733
4424.0 0.7206217
4426.0 0.7202011
4428.0 0.7197161
4430.0 0.7191827
4432.0 0.7186241
4434.0 0.7180705
4436.0 0.7175469
4438.0 0.7170713
4440.0 0.7166512
4442.0 0.7162825
4444.0 0.7159533
4446.0 0.7156442
4448.0 0.7153337
4450.0 0.7150006
4452.0 0.7146287
4454.0 0.7142081
4456.0 0.7137368
4458.0 0.7132211
4460.0 0.7126713
4462.0 0.712096
4464.0 0.7114975
4466.0 0.7108686
4468.0 0.7101927
4470.0 0.7094477
4472.0 0.7086159
4474.0 0.7076885
4476.0 0.7066745
4478.0 0.7056007
4480.0 0.7045096
4482.0 0.7034537
4484.0 0.702484
4486.0 0.7016379
4488.0 0.7009316
4490.0 0.7003523
4492.0 0.6998606
4494.0 0.6993964
4496.0 0.6989
4498.0 0.6983249
4500.0 0.6976521
4502.0 0.696894
4504.0 0.6960859
4506.0 0.6952742
4508.0 0.6944991
4510.0 0.693781
4512.0 0.6931168
4514.0 0.6924838
4516.0 0.6918501
4518.0 0.6911836
4520.0 0.6904605
4522.0 0.6896695
4524.0 0.6888119
4526.0 0.6878973
4528.0 0.6869421
4530.0 0.6859667
4532.0 0.6849944
4534.0 0.6840482
4536.0 0.6831442
4538.0 0.6822905
4540.0 0.6814815
4542.0 0.6806974
4544.0 0.6799141
4546.0 0.6791082
4548.0 0.6782655
4550.0 0.6773874
4552.0 0.6764857
4554.0 0.6755737
4556.0 0.6746591
4558.0 0.6737367
4560.0 0.6727914
4562.0 0.671804
4564.0 0.6707622
4566.0 0.6696651
4568.0 0.6685229
4570.0 0.6673536
4572.0 0.6661742
4574.0 0.6649954
4576.0 0.6638205
4578.0 0.6626493
4580.0 0.6614802
4582.0 0.6603138
4584.0 0.6591493
4586.0 0.6579825
4588.0 0.6567988
4590.0 0.6555786
4592.0 0.6543018
4594.0 0.6529586
4596.0 0.6515568
4598.0 0.6501188
4600.0 0.6486771
4602.0 0.6472608
4604.0 0.6458812
4606.0 0.644531
4608.0 0.6431851
4610.0 0.6418126
4612.0 0.6403875
4614.0 0.6389001
4616.0 0.6373533
4618.0 0.6357584
4620.0 0.6341281
4622.0 0.6324715
4624.0 0.6307918
4626.0 0.6290893
4628.0 0.6273657
4630.0 0.6256241
4632.0 0.6238717
4634.0 0.6221139
4636.0 0.6203517
4638.0 0.6185808
4640.0 0.6167901
4642.0 0.6149622
4644.0 0.6130792
4646.0 0.6111247
4648.0 0.6090944
4650.0 0.6069916
4652.0 0.6048319
4654.0 0.6026377
4656.0 0.6004323
4658.0 0.5982319
4660.0 0.5960403
4662.0 0.5938486
4664.0 0.5916384
4666.0 0.5893887
4668.0 0.5870822
4670.0 0.5847102
4672.0 0.5822741
4674.0 0.5797797
4676.0 0.5772382
4678.0 0.5746595
4680.0 0.5720523
4682.0 0.5694249
4684.0 0.5667845
4686.0 0.5641381
4688.0 0.5614903
4690.0 0.5588431
4692.0 0.5561938
4694.0 0.5535387
4696.0 0.5508693
4698.0 0.5481768
4700.0 0.5454524
4702.0 0.542688
4704.0 0.5398785
4706.0 0.537026
4708.0 0.5341385
4710.0 0.531233
4712.0 0.5283288
4714.0 0.5254415
4716.0 0.5225771
4718.0 0.519729
4720.0 0.5168778
4722.0 0.5139996
4724.0 0.5110757
4726.0 0.5080988
4728.0 0.505077
4730.0 0.5020283
4732.0 0.4989742
4734.0 0.4959328
4736.0 0.4929131
4738.0 0.4899177
4740.0 0.4869413
4742.0 0.4839765
4744.0 0.4810152
4746.0 0.4780487
4748.0 0.4750674
4750.0 0.4720631
4752.0 0.4690311
4754.0 0.4659713
4756.0 0.4628951
4758.0 0.4598192
4760.0 0.4567641
4762.0 0.4537467
4764.0 0.4507722
4766.0 0.4478312
4768.0 0.4449029
4770.0 0.4419614
4772.0 0.4389848
4774.0 0.4359614
4776.0 0.4328922
4778.0 0.4297871
4780.0 0.4266612
4782.0 0.4235257
4784.0 0.4203863
4786.0 0.4172429
4788.0 0.4140923
4790.0 0.4109335
4792.0 0.4077696
4794.0 0.4046082
4796.0 0.4014584
4798.0 0.3983267
4800.0 0.3952126
4802.0 0.3921082
4804.0 0.3890008
4806.0 0.385877
4808.0 0.3827285
4810.0 0.3795544
4812.0 0.3763602
4814.0 0.3731556
4816.0 0.3699476
4818.0 0.3667391
4820.0 0.3635298
4822.0 0.3603183
4824.0 0.3571076
4826.0 0.3539065
4828.0 0.3507281
4830.0 0.3475844
4832.0 0.3444813
4834.0 0.3414143
4836.0 0.3383705
4838.0 0.3353335
4840.0 0.3322878
4842.0 0.3292257
4844.0 0.3261488
4846.0 0.3230655
4848.0 0.3199881
4850.0 0.3169277
4852.0 0.3138933
4854.0 0.3108904
4856.0 0.3079213
4858.0 0.3049867
4860.0 0.3020857
4862.0 0.299215
4864.0 0.2963672
4866.0 0.2935324
4868.0 0.2906986
4870.0 0.2878569
4872.0 0.2850045
4874.0 0.2821473
4876.0 0.2793003
4878.0 0.2764828
4880.0 0.2737125
4882.0 0.2709988
4884.0 0.2683398
4886.0 0.2657234
4888.0 0.2631303
4890.0 0.2605414
4892.0 0.2579439
4894.0 0.2553344
4896.0 0.252719
4898.0 0.2501105
4900.0 0.2475245
4902.0 0.2449742
4904.0 0.2424671
4906.0 0.2400051
4908.0 0.2375846
4910.0 0.2351986
4912.0 0.2328382
4914.0 0.2304954
4916.0 0.2281647
4918.0 0.2258441
4920.0 0.223536
4922.0 0.2212463
4924.0 0.218984
4926.0 0.2167582
4928.0 0.2145764
4930.0 0.2124407
4932.0 0.210349
4934.0 0.2082952
4936.0 0.2062719
4938.0 0.2042727
4940.0 0.2022944
4942.0 0.2003381
4944.0 0.1984067
4946.0 0.196503
4948.0 0.1946281
4950.0 0.1927796
4952.0 0.1909527
4954.0 0.1891423
4956.0 0.1873446
4958.0 0.1855587
4960.0 0.1837872
4962.0 0.182035
4964.0 0.1803074
4966.0 0.1786074
4968.0 0.1769344
4970.0 0.1752844
4972.0 0.1736508
4974.0 0.1720274
4976.0 0.1704101
4978.0 0.1687981
4980.0 0.1671944
4982.0 0.1656032
4984.0 0.1640289
4986.0 0.1624746
4988.0 0.160941
4990.0 0.1594267
4992.0 0.1579281
4994.0 0.1564402
4996.0 0.1549563
4998.0 0.1534693
5000.0 0.1519719
5002.0 0.1504577
5004.0 0.1489229
5006.0 0.1473669
5008.0 0.145792
5010.0 0.144203
5012.0 0.1426049
5014.0 0.1410011
5016.0 0.1393921
5018.0 0.1377757
5020.0 0.1361476
5022.0 0.1345032
5024.0 0.1328398
5026.0 0.1311575
5028.0 0.1294593
5030.0 0.1277496
5032.0 0.1260329
5034.0 0.124312
5036.0 0.1225889
5038.0 0.1208649
5040.0 0.1191423
5042.0 0.1174247
5044.0 0.1157173
5046.0 0.1140245
5048.0 0.1123495
5050.0 0.1106925
5052.0 0.1090512
5054.0 0.1074226
5056.0 0.1058041
5058.0 0.1041947
5060.0 0.1025959
5062.0 0.10101
5064.0 0.09943957
5066.0 0.09788598
5068.0 0.09634984
5070.0 0.09483083
5072.0 0.09332862
5074.0 0.09184347
5076.0 0.09037634
5078.0 0.0889286
5080.0 0.08750128
5082.0 0.08609552
5084.0 0.08471197
5086.0 0.08335111
5088.0 0.08201349
5090.0 0.08069998
5092.0 0.07941173
5094.0 0.07814961
5096.0 0.07691421
5098.0 0.07570572
5100.0 0.07452337
5102.0 0.07336576
5104.0 0.07223082
5106.0 0.0711163
5108.0 0.07002
5110.0 0.06894046
5112.0 0.06787691
5114.0 0.06682937
5116.0 0.06579839
5118.0 0.06478457
5120.0 0.06378775
5122.0 0.06280721
5124.0 0.06184125
5126.0 0.06088763
5128.0 0.059944
5130.0 0.05900855
5132.0 0.05808039
5134.0 0.05715924
5136.0 0.05624557
5138.0 0.05534015
5140.0 0.05444341
5142.0 0.0535553
5144.0 0.05267527
5146.0 0.05180242
5148.0 0.05093577
5150.0 0.05007457
5152.0 0.0492186
5154.0 0.04836852
5156.0 0.04752566
5158.0 0.0466918
5160.0 0.04586885
5162.0 0.04505834
5164.0 0.04426084
5166.0 0.04347594
5168.0 0.04270225
5170.0 0.04193808
5172.0 0.04118191
5174.0 0.04043253
5176.0 0.03968952
5178.0 0.03895283
5180.0 0.03822235
5182.0 0.03749782
5184.0 0.03677888
5186.0 0.03606539
5188.0 0.03535786
5190.0 0.03465772
5192.0 0.03396705
5194.0 0.03328813
5196.0 0.03262268
5198.0 0.03197113
5200.0 0.03133259
5202.0 0.03070495
5204.0 0.03008581
5206.0 0.02947323
5208.0 0.02886621
5210.0 0.02826494
5212.0 0.02767042
5214.0 0.02708392
5216.0 0.02650655
5218.0 0.02593904
5220.0 0.02538178
5222.0 0.02483497
5224.0 0.02429894
5226.0 0.02377411
5228.0 0.02326079
5230.0 0.02275878
5232.0 0.02226755
5234.0 0.02178612
5236.0 0.02131339
5238.0 0.02084864
5240.0 0.02039174
5242.0 0.01994301
5244.0 0.01950315
5246.0 0.01907267
5248.0 0.01865179
5250.0 0.01824024
5252.0 0.01783751
5254.0 0.01744308
5256.0 0.01705663
5258.0 0.01667822
5260.0 0.0163082
5262.0 0.01594718
5264.0 0.01559575
5266.0 0.0152545
5268.0 0.01492387
5270.0 0.0146041
5272.0 0.01429511
5274.0 0.0139964
5276.0 0.01370702
5278.0 0.01342568
5280.0 0.01315095
5282.0 0.01288157
5284.0 0.01261671
5286.0 0.01235618
5288.0 0.01210052
5290.0 0.01185077
5292.0 0.01160824
5294.0 0.0113742
5296.0 0.0111494
5298.0 0.01093395
5300.0 0.01072721
5302.0 0.01052806
5304.0 0.01033506
5306.0 0.01014696
5308.0 0.00996293
5310.0 0.009782768
5312.0 0.009606884
5314.0 0.009436055
5316.0 0.0092711
5318.0 0.009112595
5320.0 0.008960655
5322.0 0.008814903
5324.0 0.008674561
5326.0 0.008538689
5328.0 0.008406481
5330.0 0.008277416
5332.0 0.008151473
5334.0 0.008029037
5336.0 0.007910757
5338.0 0.007797318
5340.0 0.007689196
5342.0 0.007586518
5344.0 0.007489029
5346.0 0.007396166
5348.0 0.007307144
5350.0 0.007221152
5352.0 0.00713743
5354.0 0.007055483
5356.0 0.00697513
5358.0 0.006896514
5360.0 0.006820093
5362.0 0.006746443
5364.0 0.006676107
5366.0 0.006609394
5368.0 0.006546354
5370.0 0.00648675
5372.0 0.00643019
5374.0 0.006376288
5376.0 0.006324802
5378.0 0.006275622
5380.0 0.006228814
5382.0 0.006184508
5384.0 0.006142832
5386.0 0.006103835
5388.0 0.006067435
5390.0 0.006033424
5392.0 0.006001502
5394.0 0.00597133
5396.0 0.00594256
5398.0 0.005914949
5400.0 0.005888385
5402.0 0.005862973
5404.0 0.005838991
5406.0 0.005816899
5408.0 0.005797238
5410.0 0.005780464
5412.0 0.005766881
5414.0 0.00575646
5416.0 0.005748867
5418.0 0.005743585
5420.0 0.005740008
5422.0 0.005737687
5424.0 0.005736424
5426.0 0.00573633
5428.0 0.005737683
5430.0 0.00574083
5432.0 0.005746081
5434.0 0.005753608
5436.0 0.005763492
5438.0 0.005775805
5440.0 0.005790586
5442.0 0.005807877
5444.0 0.005827704
5446.0 0.005850037
5448.0 0.005874798
5450.0 0.005901912
5452.0 0.005931292
5454.0 0.005962954
5456.0 0.005996956
5458.0 0.006033414
5460.0 0.006072392
5462.0 0.006113849
5464.0 0.006157666
5466.0 0.006203604
5468.0 0.006251321
5470.0 0.00630054
5472.0 0.006351089
5474.0 0.006402989
5476.0 0.006456509
5478.0 0.006512182
5480.0 0.006570754
5482.0 0.006633011
5484.0 0.006699525
5486.0 0.00677047
5488.0 0.006845508
5490.0 0.006923884
5492.0 0.007004593
5494.0 0.007086708
5496.0 0.007169633
5498.0 0.007253197
5500.0 0.007337612
5502.0 0.007423212
5504.0 0.007510336
5506.0 0.00759919
5508.0 0.007689837
5510.0 0.007782305
5512.0 0.007876701
5514.0 0.007973191
5516.0 0.008071944
5518.0 0.008172929
5520.0 0.008275888
5522.0 0.008380262
5524.0 0.008485276
5526.0 0.008590111
5528.0 0.008694149
5530.0 0.008797017
5532.0 0.008898648
5534.0 0.008999232
5536.0 0.009099138
5538.0 0.009198734
5540.0 0.009298288
5542.0 0.009397836
5544.0 0.009497227
5546.0 0.009596061
5548.0 0.009693738
5550.0 0.009789617
5552.0 0.009883027
5554.0 0.009973399
5556.0 0.01006029
5558.0 0.01014342
5560.0 0.01022265
5562.0 0.01029793
5564.0 0.01036919
5566.0 0.01043638
5568.0 0.01049949
5570.0 0.01055859
5572.0 0.01061388
5574.0 0.0106656
5576.0 0.01071406
5578.0 0.0107595
5580.0 0.01080187
5582.0 0.0108408
5584.0 0.01087561
5586.0 0.01090544
5588.0 0.01092941
5590.0 0.01094698
5592.0 0.01095813
5594.0 0.0109634
5596.0 0.01096366
5598.0 0.01095992
5600.0 0.01095294
5602.0 0.01094307
5604.0 0.01093013
5606.0 0.01091362
5608.0 0.01089296
5610.0 0.01086773
5612.0 0.01083795
5614.0 0.01080399
5616.0 0.01076645
5618.0 0.01072581
5620.0 0.01068221
5622.0 0.01063525
5624.0 0.01058408
5626.0 0.01052763
5628.0 0.01046499
5630.0 0.01039583
5632.0 0.01032051
5634.0 0.01024012
5636.0 0.01015607
5638.0 0.0100698
5640.0 0.009982377
5642.0 0.009894207
5644.0 0.009805109
5646.0 0.00971446
5648.0 0.009621481
5650.0 0.009525497
5652.0 0.009426123
5654.0 0.009323373
5656.0 0.009217573
5658.0 0.00910922
5660.0 0.008998815
5662.0 0.008886629
5664.0 0.008772609
5666.0 0.0086564
5668.0 0.00853748
5670.0 0.008415452
5672.0 0.008290301
5674.0 0.008162523
5676.0 0.008033037
5678.0 0.007902932
5680.0 0.00777306
5682.0 0.007643836
5684.0 0.007515014
5686.0 0.007385914
5688.0 0.007255678
5690.0 0.007123607
5692.0 0.006989435
5694.0 0.006853345
5696.0 0.006715844
5698.0 0.006577548
5700.0 0.006439012
5702.0 0.006300654
5704.0 0.006162704
5706.0 0.006025313
5708.0 0.005888642
5710.0 0.005752908
5712.0 0.005618365
5714.0 0.005485278
5716.0 0.005353845
5718.0 0.005224141
5720.0 0.005096047
5722.0 0.004969284
5724.0 0.004843437
5726.0 0.004718095
5728.0 0.004592996
5730.0 0.004468103
5732.0 0.00434368
5734.0 0.004220222
5736.0 0.004098312
5738.0 0.003978483
5740.0 0.003861099
5742.0 0.003746257
5744.0 0.003633919
5746.0 0.003523915
5748.0 0.003416061
5750.0 0.003310208
5752.0 0.003206248
5754.0 0.003104153
5756.0 0.003003957
5758.0 0.002905744
5760.0 0.002809657
5762.0 0.002715827
5764.0 0.002624335
5766.0 0.002535187
5768.0 0.002448249
5770.0 0.0023633
5772.0 0.002280122
5774.0 0.002198584
5776.0 0.002118708
5778.0 0.002040666
5780.0 0.001964689
5782.0 0.001890963
5784.0 0.001819614
5786.0 0.001750632
5788.0 0.001683921
5790.0 0.001619368
5792.0 0.001556854
5794.0 0.001496272
5796.0 0.001437547
5798.0 0.001380594
5800.0 0.001325331
5802.0 0.001271712
5804.0 0.001219713
5806.0 0.001169363
5808.0 0.0011207
5810.0 0.001073763
5812.0 0.001028557
5814.0 0.000985061
5816.0 0.000943265
5818.0 0.000903169
5820.0 0.000864792
5822.0 0.000828159
5824.0 0.000793257
5826.0 0.000759991
5828.0 0.000728214
5830.0 0.000697751
5832.0 0.00066845
5834.0 0.000640222
5836.0 0.000613047
5838.0 0.000586956
5840.0 0.000562007
5842.0 0.000538243
5844.0 0.00051566
5846.0 0.000494226
5848.0 0.000473885
5850.0 0.000454562
5852.0 0.000436186
5854.0 0.000418687
5856.0 0.000401994
5858.0 0.000386044
5860.0 0.000370786
5862.0 0.000356182
5864.0 0.000342219
5866.0 0.000328901
5868.0 0.000316243
5870.0 0.000304259
5872.0 0.000292957
5874.0 0.000282319
5876.0 0.00027231
5878.0 0.000262887
5880.0 0.000254012
5882.0 0.000245657
5884.0 0.000237823
5886.0 0.000230522
5888.0 0.000223768
5890.0 0.000217546
5892.0 0.000211805
5894.0 0.000206454
5896.0 0.000201377
5898.0 0.00019646
5900.0 0.000191621
5902.0 0.000186823
5904.0 0.000182084
5906.0 0.000177455
5908.0 0.000173003
5910.0 0.000168795
5912.0 0.000164884
5914.0 0.000161295
5916.0 0.000158031
5918.0 0.000155068
5920.0 0.000152367
5922.0 0.000149877
5924.0 0.000147548
5926.0 0.000145339
5928.0 0.000143229
5930.0 0.00014122
5932.0 0.000139324
5934.0 0.000137564
5936.0 0.000135956
5938.0 0.000134505
5940.0 0.000133205
5942.0 0.00013204
5944.0 0.000130984
5946.0 0.000130009
5948.0 0.000129083
5950.0 0.000128182
5952.0 0.000127292
5954.0 0.000126416
5956.0 0.000125578
5958.0 0.000124812
5960.0 0.000124163
5962.0 0.000123668
5964.0 0.000123342
5966.0 0.000123176
5968.0 0.000123136
5970.0 0.000123167
5972.0 0.000123201
5974.0 0.000123174
5976.0 0.000123037
5978.0 0.000122764
5980.0 0.000122356
5982.0 0.000121845
5984.0 0.000121284
5986.0 0.000120738
5988.0 0.000120269
5990.0 0.000119923
5992.0 0.000119718
5994.0 0.000119643
5996.0 0.000119666
5998.0 0.000119742
6000.0 0.000119826
6002.0 0.000119885
6004.0 0.00011989
6006.0 0.000119827
6008.0 0.000119687
6010.0 0.000119467
6012.0 0.000119172
6014.0 0.000118823
6016.0 0.000118447
6018.0 0.000118074
6020.0 0.00011772
6022.0 0.00011738
6024.0 0.000117027
6026.0 0.000116617
6028.0 0.000116114
6030.0 0.000115509
6032.0 0.000114833
6034.0 0.000114147
6036.0 0.000113527
6038.0 0.000113031
6040.0 0.000112677
6042.0 0.000112435
6044.0 0.000112246
6046.0 0.000112039
6048.0 0.000111771
6050.0 0.000111427
6052.0 0.000111024
6054.0 0.000110588
6056.0 0.000110136
6058.0 0.000109661
6060.0 0.00010913
6062.0 0.00010851
6064.0 0.000107781
6066.0 0.000106953
6068.0 0.000106069
6070.0 0.000105183
6072.0 0.000104339
6074.0 0.000103556
6076.0 0.00010282
6078.0 0.000102091
6080.0 0.000101332
6082.0 0.000100521
6084.0 9.9663e-05
6086.0 9.8795e-05
6088.0 9.7961e-05
6090.0 9.7199e-05
6092.0 9.6521e-05
6094.0 9.5912e-05
6096.0 9.5334e-05
6098.0 9.4747e-05
6100.0 9.4121e-05
6102.0 9.3447e-05
6104.0 9.2738e-05
6106.0 9.2019e-05
6108.0 9.1313e-05
6110.0 9.0625e-05
6112.0 8.994e-05
6114.0 8.9227e-05
6116.0 8.8451e-05
6118.0 8.7588e-05
6120.0 8.6637e-05
6122.0 8.5618e-05
6124.0 8.457e-05
6126.0 8.3536e-05
6128.0 8.2547e-05
6130.0 8.1618e-05
6132.0 8.0749e-05
6134.0 7.9924e-05
6136.0 7.9126e-05
6138.0 7.8339e-05
6140.0 7.7554e-05
6142.0 7.677e-05
6144.0 7.5989e-05
6146.0 7.5218e-05
6148.0 7.446e-05
6150.0 7.3722e-05
6152.0 7.3007e-05
6154.0 7.2316e-05
6156.0 7.1648e-05
6158.0 7.0993e-05
6160.0 7.0341e-05
6162.0 6.967e-05
6164.0 6.8964e-05
6166.0 6.8204e-05
6168.0 6.7381e-05
6170.0 6.6496e-05
6172.0 6.5561e-05
6174.0 6.4599e-05
6176.0 6.3638e-05
6178.0 6.2699e-05
6180.0 6.1795e-05
6182.0 6.092e-05
6184.0 6.0054e-05
6186.0 5.917e-05
6188.0 5.8247e-05
6190.0 5.7281e-05
6192.0 5.6283e-05
6194.0 5.5282e-05
6196.0 5.4315e-05
6198.0 5.3419e-05
6200.0 5.2615e-05
6202.0 5.1912e-05
6204.0 5.1302e-05
6206.0 5.0758e-05
6208.0 5.0248e-05
6210.0 4.9729e-05
6212.0 4.9163e-05
6214.0 4.852e-05
6216.0 4.7788e-05
6218.0 4.6975e-05
6220.0 4.6107e-05
6222.0 4.5219e-05
6224.0 4.4344e-05
6226.0 4.3503e-05
6228.0 4.2703e-05
6230.0 4.1938e-05
6232.0 4.1197e-05
6234.0 4.0466e-05
6236.0 3.974e-05
6238.0 3.902e-05
6240.0 3.8313e-05
6242.0 3.7624e-05
6244.0 3.6962e-05
6246.0 3.6326e-05
6248.0 3.5714e-05
6250.0 3.5117e-05
6252.0 3.4527e-05
6254.0 3.394e-05
6256.0 3.3353e-05
6258.0 3.2769e-05
6260.0 3.2191e-05
6262.0 3.162e-05
6264.0 3.1054e-05
6266.0 3.0488e-05
6268.0 2.9917e-05
6270.0 2.9339e-05
6272.0 2.8761e-05
6274.0 2.8188e-05
6276.0 2.7628e-05
6278.0 2.7086e-05
6280.0 2.6558e-05
6282.0 2.603e-05
6284.0 2.5489e-05
6286.0 2.4923e-05
6288.0 2.4333e-05
6290.0 2.3729e-05
6292.0 2.3131e-05
6294.0 2.2559e-05
6296.0 2.2026e-05
6298.0 2.1531e-05
6300.0 2.1063e-05
6302.0 2.0603e-05
6304.0 2.0132e-05
6306.0 1.9637e-05
6308.0 1.9115e-05
6310.0 1.8571e-05
6312.0 1.8019e-05
6314.0 1.7471e-05
6316.0 1.6939e-05
6318.0 1.6435e-05
6320.0 1.5966e-05
6322.0 1.5538e-05
6324.0 1.5154e-05
6326.0 1.481e-05
6328.0 1.4501e-05
6330.0 1.4213e-05
6332.0 1.3934e-05
6334.0 1.3652e-05
6336.0 1.3361e-05
6338.0 1.3057e-05
6340.0 1.2744e-05
6342.0 1.2429e-05
6344.0 1.2122e-05
6346.0 1.1829e-05
6348.0 1.1557e-05
6350.0 1.1306e-05
6352.0 1.1073e-05
6354.0 1.0852e-05
6356.0 1.0637e-05
6358.0 1.0421e-05
6360.0 1.02e-05
6362.0 9.971e-06
6364.0 9.736e-06
6366.0 9.498e-06
6368.0 9.259e-06
6370.0 9.022e-06
6372.0 8.79e-06
6374.0 8.563e-06
6376.0 8.345e-06
6378.0 8.135e-06
6380.0 7.933e-06
6382.0 7.741e-06
6384.0 7.563e-06
6386.0 7.399e-06
6388.0 7.255e-06
6390.0 7.131e-06
6392.0 7.024e-06
6394.0 6.927e-06
6396.0 6.828e-06
6398.0 6.712e-06
6400.0 6.571e-06
6402.0 6.404e-06
6404.0 6.216e-06
6406.0 6.022e-06
6408.0 5.838e-06
6410.0 5.674e-06
6412.0 5.537e-06
6414.0 5.423e-06
6416.0 5.33e-06
6418.0 5.251e-06
6420.0 5.182e-06
6422.0 5.121e-06
6424.0 5.067e-06
6426.0 5.014e-06
6428.0 4.956e-06
6430.0 4.887e-06
6432.0 4.802e-06
6434.0 4.702e-06
6436.0 4.596e-06
6438.0 4.494e-06
6440.0 4.407e-06
6442.0 4.346e-06
6444.0 4.313e-06
6446.0 4.303e-06
6448.0 4.309e-06
6450.0 4.315e-06
6452.0 4.309e-06
6454.0 4.282e-06
6456.0 4.227e-06
6458.0 4.15e-06
6460.0 4.059e-06
6462.0 3.964e-06
6464.0 3.877e-06
6466.0 3.804e-06
6468.0 3.748e-06
6470.0 3.706e-06
6472.0 3.677e-06
6474.0 3.655e-06
6476.0 3.639e-06
6478.0 3.626e-06
6480.0 3.615e-06
6482.0 3.605e-06
6484.0 3.593e-06
6486.0 3.579e-06
6488.0 3.561e-06
6490.0 3.538e-06
6492.0 3.509e-06
6494.0 3.473e-06
6496.0 3.428e-06
6498.0 3.374e-06
6500.0 3.315e-06
6502.0 3.254e-06
6504.0 3.197e-06
6506.0 3.148e-06
6508.0 3.11e-06
6510.0 3.08e-06
6512.0 3.055e-06
6514.0 3.03e-06
6516.0 3.002e-06
6518.0 2.969e-06
6520.0 2.933e-06
6522.0 2.896e-06
6524.0 2.862e-06
6526.0 2.834e-06
6528.0 2.811e-06
6530.0 2.796e-06
6532.0 2.785e-06
6534.0 2.778e-06
6536.0 2.772e-06
6538.0 2.766e-06
6540.0 2.757e-06
6542.0 2.745e-06
6544.0 2.73e-06
6546.0 2.713e-06
6548.0 2.696e-06
6550.0 2.682e-06
6552.0 2.671e-06
6554.0 2.666e-06
6556.0 2.665e-06
6558.0 2.671e-06
6560.0 2.683e-06
6562.0 2.702e-06
6564.0 2.73e-06
6566.0 2.766e-06
6568.0 2.808e-06
6570.0 2.854e-06
6572.0 2.901e-06
6574.0 2.947e-06
6576.0 2.989e-06
6578.0 3.025e-06
6580.0 3.05e-06
6582.0 3.062e-06
6584.0 3.059e-06
6586.0 3.039e-06
6588.0 3.006e-06
6590.0 2.964e-06
6592.0 2.92e-06
6594.0 2.88e-06
6596.0 2.852e-06
6598.0 2.841e-06
6600.0 2.849e-06
6602.0 2.88e-06
6604.0 2.934e-06
6606.0 3.007e-06
6608.0 3.093e-06
6610.0 3.183e-06
6612.0 3.264e-06
6614.0 3.326e-06
6616.0 3.362e-06
6618.0 3.37e-06
6620.0 3.358e-06
6622.0 3.337e-06
6624.0 3.32e-06
6626.0 3.316e-06
6628.0 3.327e-06
6630.0 3.348e-06
6632.0 3.367e-06
6634.0 3.377e-06
6636.0 3.372e-06
6638.0 3.356e-06
6640.0 3.339e-06
6642.0 3.336e-06
6644.0 3.356e-06
6646.0 3.403e-06
6648.0 3.472e-06
6650.0 3.549e-06
6652.0 3.617e-06
6654.0 3.664e-06
6656.0 3.682e-06
6658.0 3.674e-06
6660.0 3.65e-06
6662.0 3.625e-06
6664.0 3.615e-06
6666.0 3.629e-06
6668.0 3.67e-06
6670.0 3.732e-06
6672.0 3.807e-06
6674.0 3.885e-06
6676.0 3.958e-06
6678.0 4.026e-06
6680.0 4.09e-06
6682.0 4.153e-06
6684.0 4.217e-06
6686.0 4.28e-06
6688.0 4.34e-06
6690.0 4.393e-06
6692.0 4.436e-06
6694.0 4.473e-06
6696.0 4.509e-06
6698.0 4.548e-06
6700.0 4.591e-06
6702.0 4.633e-06
6704.0 4.665e-06
6706.0 4.677e-06
6708.0 4.664e-06
6710.0 4.63e-06
6712.0 4.59e-06
6714.0 4.563e-06
6716.0 4.569e-06
6718.0 4.618e-06
6720.0 4.713e-06
6722.0 4.84e-06
6724.0 4.984e-06
6726.0 5.126e-06
6728.0 5.256e-06
6730.0 5.371e-06
6732.0 5.475e-06
6734.0 5.575e-06
6736.0 5.677e-06
6738.0 5.779e-06
6740.0 5.875e-06
6742.0 5.955e-06
6744.0 6.015e-06
6746.0 6.052e-06
6748.0 6.074e-06
6750.0 6.092e-06
6752.0 6.118e-06
6754.0 6.161e-06
6756.0 6.221e-06
6758.0 6.293e-06
6760.0 6.362e-06
6762.0 6.413e-06
6764.0 6.436e-06
6766.0 6.428e-06
6768.0 6.395e-06
6770.0 6.351e-06
6772.0 6.314e-06
6774.0 6.298e-06
6776.0 6.312e-06
6778.0 6.359e-06
6780.0 6.435e-06
6782.0 6.532e-06
6784.0 6.645e-06
6786.0 6.767e-06
6788.0 6.892e-06
6790.0 7.016e-06
6792.0 7.129e-06
6794.0 7.223e-06
6796.0 7.288e-06
6798.0 7.321e-06
6800.0 7.326e-06
6802.0 7.314e-06
6804.0 7.304e-06
6806.0 7.313e-06
6808.0 7.354e-06
6810.0 7.424e-06
6812.0 7.512e-06
6814.0 7.599e-06
6816.0 7.668e-06
6818.0 7.707e-06
6820.0 7.722e-06
6822.0 7.725e-06
6824.0 7.734e-06
6826.0 7.765e-06
6828.0 7.822e-06
6830.0 7.902e-06
6832.0 7.99e-06
6834.0 8.073e-06
6836.0 8.137e-06
6838.0 8.174e-06
6840.0 8.183e-06
6842.0 8.166e-06
6844.0 8.132e-06
6846.0 8.085e-06
6848.0 8.031e-06
6850.0 7.973e-06
6852.0 7.911e-06
6854.0 7.842e-06
6856.0 7.765e-06
6858.0 7.681e-06
6860.0 7.597e-06
6862.0 7.525e-06
6864.0 7.483e-06
6866.0 7.483e-06
6868.0 7.532e-06
6870.0 7.619e-06
6872.0 7.724e-06
6874.0 7.823e-06
6876.0 7.893e-06
6878.0 7.922e-06
6880.0 7.913e-06
6882.0 7.883e-06
6884.0 7.846e-06
6886.0 7.817e-06
6888.0 7.799e-06
6890.0 7.786e-06
6892.0 7.768e-06
6894.0 7.736e-06
6896.0 7.687e-06
6898.0 7.624e-06
6900.0 7.554e-06
6902.0 7.486e-06
6904.0 7.428e-06
6906.0 7.379e-06
6908.0 7.335e-06
6910.0 7.291e-06
6912.0 7.239e-06
6914.0 7.174e-06
6916.0 7.097e-06
6918.0 7.015e-06
6920.0 6.936e-06
6922.0 6.867e-06
6924.0 6.815e-06
6926.0 6.78e-06
6928.0 6.758e-06
6930.0 6.743e-06
6932.0 6.726e-06
6934.0 6.705e-06
6936.0 6.677e-06
6938.0 6.641e-06
6940.0 6.6e-06
6942.0 6.554e-06
6944.0 6.508e-06
6946.0 6.469e-06
6948.0 6.441e-06
6950.0 6.425e-06
6952.0 6.413e-06
6954.0 6.388e-06
6956.0 6.329e-06
6958.0 6.213e-06
6960.0 6.03e-06
6962.0 5.79e-06
6964.0 5.52e-06
6966.0 5.264e-06
6968.0 5.067e-06
6970.0 4.963e-06
6972.0 4.961e-06
6974.0 5.048e-06
6976.0 5.187e-06
6978.0 5.334e-06
6980.0 5.443e-06
6982.0 5.483e-06
6984.0 5.441e-06
6986.0 5.32e-06
6988.0 5.139e-06
6990.0 4.929e-06
6992.0 4.726e-06
6994.0 4.56e-06
6996.0 4.456e-06
6998.0 4.421e-06
7000.0 4.442e-06
7002.0 4.486e-06
7004.0 4.513e-06
7006.0 4.482e-06
7008.0 4.371e-06
7010.0 4.182e-06
7012.0 3.943e-06
7014.0 3.702e-06
7016.0 3.506e-06
7018.0 3.388e-06
7020.0 3.357e-06
7022.0 3.395e-06
7024.0 3.469e-06
7026.0 3.543e-06
7028.0 3.593e-06
7030.0 3.61e-06
7032.0 3.6e-06
7034.0 3.571e-06
7036.0 3.527e-06
7038.0 3.46e-06
7040.0 3.361e-06
7042.0 3.22e-06
7044.0 3.037e-06
7046.0 2.828e-06
7048.0 2.622e-06
7050.0 2.45e-06
7052.0 2.336e-06
7054.0 2.288e-06
7056.0 2.299e-06
7058.0 2.345e-06
7060.0 2.4e-06
7062.0 2.44e-06
7064.0 2.447e-06
7066.0 2.417e-06
7068.0 2.356e-06
7070.0 2.273e-06
7072.0 2.18e-06
7074.0 2.091e-06
7076.0 2.011e-06
7078.0 1.943e-06
7080.0 1.885e-06
7082.0 1.835e-06
7084.0 1.79e-06
7086.0 1.749e-06
7088.0 1.716e-06
7090.0 1.693e-06
7092.0 1.682e-06
7094.0 1.68e-06
7096.0 1.682e-06
7098.0 1.682e-06
7100.0 1.677e-06
7102.0 1.664e-06
7104.0 1.65e-06
7106.0 1.641e-06
7108.0 1.645e-06
7110.0 1.665e-06
7112.0 1.699e-06
7114.0 1.74e-06
7116.0 1.779e-06
7118.0 1.806e-06
7120.0 1.811e-06
7122.0 1.792e-06
7124.0 1.751e-06
7126.0 1.694e-06
7128.0 1.631e-06
7130.0 1.575e-06
7132.0 1.534e-06
7134.0 1.509e-06
7136.0 1.498e-06
7138.0 1.491e-06
7140.0 1.474e-06
7142.0 1.437e-06
7144.0 1.374e-06
7146.0 1.287e-06
7148.0 1.188e-06
7150.0 1.096e-06
7152.0 1.03e-06
7154.0 1.007e-06
7156.0 1.037e-06
7158.0 1.115e-06
7160.0 1.227e-06
7162.0 1.348e-06
7164.0 1.451e-06
7166.0 1.511e-06
7168.0 1.515e-06
7170.0 1.463e-06
7172.0 1.369e-06
7174.0 1.255e-06
7176.0 1.145e-06
7178.0 1.056e-06
7180.0 9.94e-07
7182.0 9.54e-07
7184.0 9.24e-07
7186.0 8.9e-07
7188.0 8.41e-07
7190.0 7.74e-07
7192.0 6.9e-07
7194.0 5.98e-07
7196.0 5.1e-07
7198.0 4.41e-07
7200.0 4.07e-07
7202.0 4.21e-07
7204.0 4.94e-07
7206.0 6.21e-07
7208.0 7.88e-07
7210.0 9.68e-07
7212.0 1.131e-06
7214.0 1.248e-06
7216.0 1.304e-06
7218.0 1.296e-06
7220.0 1.235e-06
7222.0 1.134e-06
7224.0 1.009e-06
7226.0 8.68e-07
7228.0 7.2e-07
7230.0 5.71e-07
7232.0 4.32e-07
7234.0 3.18e-07
7236.0 2.45e-07
7238.0 2.28e-07
7240.0 2.73e-07
7242.0 3.77e-07
7244.0 5.24e-07
7246.0 6.88e-07
7248.0 8.42e-07
7250.0 9.56e-07
7252.0 1.011e-06
7254.0 9.97e-07
7256.0 9.2e-07
7258.0 7.96e-07
7260.0 6.46e-07
7262.0 4.95e-07
7264.0 3.62e-07
7266.0 2.6e-07
7268.0 1.92e-07
7270.0 1.58e-07
7272.0 1.48e-07
7274.0 1.56e-07
7276.0 1.72e-07
7278.0 1.92e-07
7280.0 2.15e-07
7282.0 2.4e-07
7284.0 2.71e-07
7286.0 3.08e-07
7288.0 3.5e-07
7290.0 3.94e-07
7292.0 4.34e-07
7294.0 4.63e-07
7296.0 4.81e-07
7298.0 4.9e-07
7300.0 5.02e-07
7302.0 5.27e-07
7304.0 5.78e-07
7306.0 6.57e-07
7308.0 7.58e-07
7310.0 8.65e-07
7312.0 9.58e-07
7314.0 1.02e-06
7316.0 1.04e-06
7318.0 1.02e-06
7320.0 9.67e-07
7322.0 8.96e-07
7324.0 8.2e-07
7326.0 7.47e-07
7328.0 6.82e-07
7330.0 6.27e-07
7332.0 5.85e-07
7334.0 5.66e-07
7336.0 5.83e-07
7338.0 6.48e-07
7340.0 7.72e-07
7342.0 9.53e-07
7344.0 1.18e-06
7346.0 1.426e-06
7348.0 1.66e-06
7350.0 1.849e-06
7352.0 1.965e-06
7354.0 1.994e-06
7356.0 1.934e-06
7358.0 1.798e-06
7360.0 1.608e-06
7362.0 1.391e-06
7364.0 1.176e-06
7366.0 9.88e-07
7368.0 8.43e-07
7370.0 7.51e-07
7372.0 7.11e-07
7374.0 7.13e-07
7376.0 7.42e-07
7378.0 7.79e-07
7380.0 8.11e-07
7382.0 8.28e-07
7384.0 8.3e-07
7386.0 8.24e-07
7388.0 8.24e-07
7390.0 8.45e-07
7392.0 8.96e-07
7394.0 9.82e-07
7396.0 1.098e-06
7398.0 1.237e-06
7400.0 1.386e-06
7402.0 1.538e-06
7404.0 1.686e-06
7406.0 1.825e-06
7408.0 1.95e-06
7410.0 2.052e-06
7412.0 2.118e-06
7414.0 2.134e-06
7416.0 2.091e-06
7418.0 1.992e-06
7420.0 1.853e-06
7422.0 1.7e-06
7424.0 1.564e-06
7426.0 1.466e-06
7428.0 1.416e-06
7430.0 1.407e-06
7432.0 1.42e-06
7434.0 1.437e-06
7436.0 1.449e-06
7438.0 1.464e-06
7440.0 1.498e-06
7442.0 1.569e-06
7444.0 1.68e-06
7446.0 1.817e-06
7448.0 1.949e-06
7450.0 2.04e-06
7452.0 2.057e-06
7454.0 1.988e-06
7456.0 1.836e-06
7458.0 1.624e-06
7460.0 1.379e-06
7462.0 1.132e-06
7464.0 9.09e-07
7466.0 7.29e-07
7468.0 6.07e-07
7470.0 5.55e-07
7472.0 5.76e-07
7474.0 6.64e-07
7476.0 8.08e-07
7478.0 9.87e-07
7480.0 1.182e-06
7482.0 1.372e-06
7484.0 1.544e-06
7486.0 1.689e-06
7488.0 1.801e-06
7490.0 1.88e-06
7492.0 1.927e-06
7494.0 1.944e-06
7496.0 1.934e-06
7498.0 1.904e-06
7500.0 1.861e-06
7502.0 1.814e-06
7504.0 1.774e-06
7506.0 1.75e-06
7508.0 1.75e-06
7510.0 1.778e-06
7512.0 1.83e-06
7514.0 1.892e-06
7516.0 1.946e-06
7518.0 1.974e-06
7520.0 1.967e-06
7522.0 1.928e-06
7524.0 1.874e-06
7526.0 1.827e-06
7528.0 1.809e-06
7530.0 1.824e-06
7532.0 1.864e-06
7534.0 1.905e-06
7536.0 1.922e-06
7538.0 1.898e-06
7540.0 1.829e-06
7542.0 1.725e-06
7544.0 1.603e-06
7546.0 1.479e-06
7548.0 1.363e-06
7550.0 1.257e-06
7552.0 1.16e-06
7554.0 1.068e-06
7556.0 9.86e-07
7558.0 9.15e-07
7560.0 8.63e-07
7562.0 8.35e-07
7564.0 8.31e-07
7566.0 8.48e-07
7568.0 8.77e-07
7570.0 9.08e-07
7572.0 9.27e-07
7574.0 9.26e-07
7576.0 9e-07
7578.0 8.51e-07
7580.0 7.87e-07
7582.0 7.19e-07
7584.0 6.59e-07
7586.0 6.15e-07
7588.0 5.87e-07
7590.0 5.74e-07
7592.0 5.65e-07
7594.0 5.55e-07
7596.0 5.38e-07
7598.0 5.15e-07
7600.0 4.94e-07
7602.0 4.87e-07
7604.0 5.11e-07
7606.0 5.8e-07
7608.0 7.02e-07
7610.0 8.69e-07
7612.0 1.059e-06
7614.0 1.237e-06
7616.0 1.363e-06
7618.0 1.405e-06
7620.0 1.354e-06
7622.0 1.228e-06
7624.0 1.069e-06
7626.0 9.28e-07
7628.0 8.49e-07
7630.0 8.5e-07
7632.0 9.21e-07
7634.0 1.028e-06
7636.0 1.134e-06
7638.0 1.215e-06
7640.0 1.274e-06
7642.0 1.34e-06
7644.0 1.457e-06
7646.0 1.657e-06
7648.0 1.943e-06
7650.0 2.279e-06
7652.0 2.601e-06
7654.0 2.832e-06
7656.0 2.914e-06
7658.0 2.822e-06
7660.0 2.577e-06
7662.0 2.232e-06
7664.0 1.855e-06
7666.0 1.508e-06
7668.0 1.236e-06
7670.0 1.056e-06
7672.0 9.68e-07
7674.0 9.59e-07
7676.0 1.019e-06
7678.0 1.138e-06
7680.0 1.309e-06
7682.0 1.521e-06
7684.0 1.762e-06
7686.0 2.011e-06
7688.0 2.241e-06
7690.0 2.425e-06
7692.0 2.538e-06
7694.0 2.571e-06
7696.0 2.528e-06
7698.0 2.435e-06
7700.0 2.333e-06
7702.0 2.269e-06
7704.0 2.275e-06
7706.0 2.362e-06
7708.0 2.51e-06
7710.0 2.678e-06
7712.0 2.811e-06
7714.0 2.861e-06
7716.0 2.802e-06
7718.0 2.632e-06
7720.0 2.377e-06
7722.0 2.078e-06
7724.0 1.782e-06
7726.0 1.527e-06
7728.0 1.341e-06
7730.0 1.233e-06
7732.0 1.194e-06
7734.0 1.208e-06
7736.0 1.252e-06
7738.0 1.304e-06
7740.0 1.347e-06
7742.0 1.367e-06
7744.0 1.358e-06
7746.0 1.317e-06
7748.0 1.251e-06
7750.0 1.174e-06
7752.0 1.113e-06
7754.0 1.106e-06
7756.0 1.187e-06
7758.0 1.378e-06
7760.0 1.673e-06
7762.0 2.033e-06
7764.0 2.395e-06
7766.0 2.688e-06
7768.0 2.855e-06
7770.0 2.874e-06
7772.0 2.757e-06
7774.0 2.547e-06
7776.0 2.294e-06
7778.0 2.04e-06
7780.0 1.811e-06
7782.0 1.615e-06
7784.0 1.453e-06
7786.0 1.325e-06
7788.0 1.237e-06
7790.0 1.192e-06
7792.0 1.19e-06
7794.0 1.212e-06
7796.0 1.233e-06
7798.0 1.226e-06
7800.0 1.175e-06
7802.0 1.088e-06
7804.0 9.93e-07
7806.0 9.32e-07
7808.0 9.48e-07
7810.0 1.067e-06
7812.0 1.289e-06
7814.0 1.586e-06
7816.0 1.911e-06
7818.0 2.207e-06
7820.0 2.427e-06
7822.0 2.539e-06
7824.0 2.536e-06
7826.0 2.426e-06
7828.0 2.233e-06
7830.0 1.987e-06
7832.0 1.713e-06
7834.0 1.438e-06
7836.0 1.188e-06
7838.0 9.94e-07
7840.0 8.91e-07
7842.0 9.09e-07
7844.0 1.067e-06
7846.0 1.361e-06
7848.0 1.76e-06
7850.0 2.205e-06
7852.0 2.628e-06
7854.0 2.964e-06
7856.0 3.169e-06
7858.0 3.232e-06
7860.0 3.177e-06
7862.0 3.047e-06
7864.0 2.895e-06
7866.0 2.766e-06
7868.0 2.686e-06
7870.0 2.658e-06
7872.0 2.666e-06
7874.0 2.684e-06
7876.0 2.685e-06
7878.0 2.646e-06
7880.0 2.557e-06
7882.0 2.426e-06
7884.0 2.275e-06
7886.0 2.14e-06
7888.0 2.058e-06
7890.0 2.056e-06
7892.0 2.144e-06
7894.0 2.311e-06
7896.0 2.528e-06
7898.0 2.756e-06
7900.0 2.96e-06
7902.0 3.11e-06
7904.0 3.19e-06
7906.0 3.195e-06
7908.0 3.128e-06
7910.0 3.006e-06
7912.0 2.859e-06
7914.0 2.729e-06
7916.0 2.668e-06
7918.0 2.719e-06
7920.0 2.906e-06
7922.0 3.213e-06
7924.0 3.583e-06
7926.0 3.929e-06
7928.0 4.157e-06
7930.0 4.195e-06
7932.0 4.016e-06
7934.0 3.654e-06
7936.0 3.189e-06
7938.0 2.724e-06
7940.0 2.355e-06
7942.0 2.13e-06
7944.0 2.048e-06
7946.0 2.056e-06
7948.0 2.082e-06
7950.0 2.061e-06
7952.0 1.96e-06
7954.0 1.798e-06
7956.0 1.628e-06
7958.0 1.519e-06
7960.0 1.525e-06
7962.0 1.663e-06
7964.0 1.904e-06
7966.0 2.186e-06
7968.0 2.424e-06
7970.0 2.55e-06
7972.0 2.516e-06
7974.0 2.303e-06
7976.0 1.929e-06
7978.0 1.438e-06
7980.0 8.94e-07
7982.0 3.99e-07
7984.0 8.6e-08
7986.0 1.15e-07
7988.0 6.51e-07
7990.0 1.813e-06
7992.0 3.626e-06
7994.0 5.994e-06
7996.0 8.693e-06
7998.0 1.1416e-05
8000.0 1.3847e-05
8002.0 1.5745e-05
8004.0 1.6976e-05
8006.0 1.7536e-05
8008.0 1.7538e-05
8010.0 1.7169e-05
8012.0 1.6648e-05
8014.0 1.6187e-05
8016.0 1.5953e-05
8018.0 1.6039e-05
8020.0 1.6446e-05
8022.0 1.709e-05
8024.0 1.7815e-05
8026.0 1.8433e-05
8028.0 1.8776e-05
8030.0 1.8743e-05
8032.0 1.8316e-05
8034.0 1.7565e-05
8036.0 1.6629e-05
8038.0 1.5708e-05
8040.0 1.5027e-05
8042.0 1.4785e-05
8044.0 1.5112e-05
8046.0 1.6028e-05
8048.0 1.7396e-05
8050.0 1.8941e-05
8052.0 2.0315e-05
8054.0 2.1207e-05
8056.0 2.1451e-05
8058.0 2.1095e-05
8060.0 2.0385e-05
8062.0 1.9673e-05
8064.0 1.9294e-05
8066.0 1.9437e-05
8068.0 2.0085e-05
8070.0 2.1021e-05
8072.0 2.1937e-05
8074.0 2.2542e-05
8076.0 2.2665e-05
8078.0 2.2318e-05
8080.0 2.1663e-05
8082.0 2.0935e-05
8084.0 2.0365e-05
8086.0 2.0093e-05
8088.0 2.0131e-05
8090.0 2.0376e-05
8092.0 2.0659e-05
8094.0 2.08e-05
8096.0 2.0658e-05
8098.0 2.0163e-05
8100.0 1.9329e-05
8102.0 1.8249e-05
8104.0 1.707e-05
8106.0 1.5955e-05
8108.0 1.5072e-05
8110.0 1.4544e-05
8112.0 1.4409e-05
8114.0 1.4599e-05
8116.0 1.496e-05
8118.0 1.5276e-05
8120.0 1.5312e-05
8122.0 1.4913e-05
8124.0 1.4049e-05
8126.0 1.2816e-05
8128.0 1.1437e-05
8130.0 1.0178e-05
8132.0 9.278e-06
8134.0 8.895e-06
8136.0 9.069e-06
8138.0 9.725e-06
8140.0 1.0733e-05
8142.0 1.1947e-05
8144.0 1.3236e-05
8146.0 1.449e-05
8148.0 1.5617e-05
8150.0 1.6507e-05
8152.0 1.704e-05
8154.0 1.7111e-05
8156.0 1.6679e-05
8158.0 1.5794e-05
8160.0 1.462e-05
8162.0 1.3409e-05
8164.0 1.2414e-05
8166.0 1.1832e-05
8168.0 1.1727e-05
8170.0 1.2037e-05
8172.0 1.2601e-05
8174.0 1.3222e-05
8176.0 1.3737e-05
8178.0 1.4053e-05
8180.0 1.417e-05
8182.0 1.4141e-05
8184.0 1.4059e-05
8186.0 1.4014e-05
8188.0 1.4074e-05
8190.0 1.4282e-05
8192.0 1.4639e-05
8194.0 1.5124e-05
8196.0 1.5697e-05
8198.0 1.6295e-05
8200.0 1.6847e-05
8202.0 1.7281e-05
8204.0 1.7549e-05
8206.0 1.7631e-05
8208.0 1.7525e-05
8210.0 1.7258e-05
8212.0 1.6861e-05
8214.0 1.6362e-05
8216.0 1.5786e-05
8218.0 1.5149e-05
8220.0 1.4457e-05
8222.0 1.3722e-05
8224.0 1.2972e-05
8226.0 1.2245e-05
8228.0 1.1604e-05
8230.0 1.112e-05
8232.0 1.0853e-05
8234.0 1.0839e-05
8236.0 1.1056e-05
8238.0 1.1438e-05
8240.0 1.1878e-05
8242.0 1.2261e-05
8244.0 1.2492e-05
8246.0 1.2528e-05
8248.0 1.238e-05
8250.0 1.2112e-05
8252.0 1.1811e-05
8254.0 1.1581e-05
8256.0 1.1511e-05
8258.0 1.1665e-05
8260.0 1.2067e-05
8262.0 1.2692e-05
8264.0 1.3447e-05
8266.0 1.419e-05
8268.0 1.4773e-05
8270.0 1.5073e-05
8272.0 1.5061e-05
8274.0 1.4796e-05
8276.0 1.441e-05
8278.0 1.4062e-05
8280.0 1.3874e-05
8282.0 1.3891e-05
8284.0 1.4071e-05
8286.0 1.4315e-05
8288.0 1.4497e-05
8290.0 1.4524e-05
8292.0 1.4347e-05
8294.0 1.3991e-05
8296.0 1.3533e-05
8298.0 1.3085e-05
8300.0 1.2777e-05
8302.0 1.2717e-05
8304.0 1.2958e-05
8306.0 1.3474e-05
8308.0 1.4164e-05
8310.0 1.4879e-05
8312.0 1.5448e-05
8314.0 1.573e-05
8316.0 1.5648e-05
8318.0 1.5209e-05
8320.0 1.4476e-05
8322.0 1.3561e-05
8324.0 1.2599e-05
8326.0 1.1712e-05
8328.0 1.0996e-05
8330.0 1.0525e-05
8332.0 1.0335e-05
8334.0 1.0434e-05
8336.0 1.0811e-05
8338.0 1.1415e-05
8340.0 1.2165e-05
8342.0 1.2944e-05
8344.0 1.3612e-05
8346.0 1.4031e-05
8348.0 1.4085e-05
8350.0 1.3732e-05
8352.0 1.2994e-05
8354.0 1.1969e-05
8356.0 1.081e-05
8358.0 9.683e-06
8360.0 8.723e-06
8362.0 8.024e-06
8364.0 7.629e-06
8366.0 7.539e-06
8368.0 7.713e-06
8370.0 8.086e-06
8372.0 8.573e-06
8374.0 9.075e-06
8376.0 9.495e-06
8378.0 9.756e-06
8380.0 9.82e-06
8382.0 9.707e-06
8384.0 9.497e-06
8386.0 9.312e-06
8388.0 9.274e-06
8390.0 9.456e-06
8392.0 9.846e-06
8394.0 1.034e-05
8396.0 1.0763e-05
8398.0 1.0943e-05
8400.0 1.0777e-05
8402.0 1.0265e-05
8404.0 9.515e-06
8406.0 8.709e-06
8408.0 8.019e-06
8410.0 7.558e-06
8412.0 7.358e-06
8414.0 7.363e-06
8416.0 7.475e-06
8418.0 7.61e-06
8420.0 7.716e-06
8422.0 7.796e-06
8424.0 7.879e-06
8426.0 8.02e-06
8428.0 8.257e-06
8430.0 8.608e-06
8432.0 9.059e-06
8434.0 9.568e-06
8436.0 1.0069e-05
8438.0 1.0493e-05
8440.0 1.0792e-05
8442.0 1.0944e-05
8444.0 1.0962e-05
8446.0 1.0883e-05
8448.0 1.0756e-05
8450.0 1.0611e-05
8452.0 1.0451e-05
8454.0 1.0252e-05
8456.0 9.974e-06
8458.0 9.597e-06
8460.0 9.123e-06
8462.0 8.605e-06
8464.0 8.12e-06
8466.0 7.753e-06
8468.0 7.575e-06
8470.0 7.607e-06
8472.0 7.823e-06
8474.0 8.159e-06
8476.0 8.54e-06
8478.0 8.885e-06
8480.0 9.155e-06
8482.0 9.338e-06
8484.0 9.451e-06
8486.0 9.515e-06
8488.0 9.55e-06
8490.0 9.559e-06
8492.0 9.537e-06
8494.0 9.476e-06
8496.0 9.383e-06
8498.0 9.275e-06
8500.0 9.182e-06
8502.0 9.135e-06
8504.0 9.157e-06
8506.0 9.254e-06
8508.0 9.416e-06
8510.0 9.622e-06
8512.0 9.852e-06
8514.0 1.0092e-05
8516.0 1.0331e-05
8518.0 1.0549e-05
8520.0 1.0724e-05
8522.0 1.0818e-05
8524.0 1.0797e-05
8526.0 1.0644e-05
8528.0 1.0374e-05
8530.0 1.0041e-05
8532.0 9.721e-06
8534.0 9.488e-06
8536.0 9.388e-06
8538.0 9.429e-06
8540.0 9.564e-06
8542.0 9.724e-06
8544.0 9.833e-06
8546.0 9.833e-06
8548.0 9.698e-06
8550.0 9.442e-06
8552.0 9.109e-06
8554.0 8.752e-06
8556.0 8.419e-06
8558.0 8.147e-06
8560.0 7.96e-06
8562.0 7.865e-06
8564.0 7.851e-06
8566.0 7.897e-06
8568.0 7.966e-06
8570.0 8.015e-06
8572.0 8.005e-06
8574.0 7.912e-06
8576.0 7.746e-06
8578.0 7.545e-06
8580.0 7.376e-06
8582.0 7.31e-06
8584.0 7.395e-06
8586.0 7.637e-06
8588.0 7.986e-06
8590.0 8.36e-06
8592.0 8.667e-06
8594.0 8.837e-06
8596.0 8.839e-06
8598.0 8.696e-06
8600.0 8.467e-06
8602.0 8.219e-06
8604.0 8.016e-06
8606.0 7.893e-06
8608.0 7.85e-06
8610.0 7.853e-06
8612.0 7.838e-06
8614.0 7.736e-06
8616.0 7.495e-06
8618.0 7.092e-06
8620.0 6.558e-06
8622.0 5.972e-06
8624.0 5.45e-06
8626.0 5.106e-06
8628.0 5.023e-06
8630.0 5.218e-06
8632.0 5.644e-06
8634.0 6.202e-06
8636.0 6.774e-06
8638.0 7.257e-06
8640.0 7.591e-06
8642.0 7.764e-06
8644.0 7.795e-06
8646.0 7.722e-06
8648.0 7.583e-06
8650.0 7.402e-06
8652.0 7.202e-06
8654.0 7e-06
8656.0 6.816e-06
8658.0 6.664e-06
8660.0 6.556e-06
8662.0 6.49e-06
8664.0 6.456e-06
8666.0 6.44e-06
8668.0 6.438e-06
8670.0 6.452e-06
8672.0 6.492e-06
8674.0 6.564e-06
8676.0 6.66e-06
8678.0 6.759e-06
8680.0 6.831e-06
8682.0 6.854e-06
8684.0 6.826e-06
8686.0 6.769e-06
8688.0 6.717e-06
8690.0 6.7e-06
8692.0 6.726e-06
8694.0 6.777e-06
8696.0 6.808e-06
8698.0 6.772e-06
8700.0 6.628e-06
8702.0 6.361e-06
8704.0 5.986e-06
8706.0 5.543e-06
8708.0 5.093e-06
8710.0 4.701e-06
8712.0 4.423e-06
8714.0 4.297e-06
8716.0 4.343e-06
8718.0 4.543e-06
8720.0 4.857e-06
8722.0 5.224e-06
8724.0 5.573e-06
8726.0 5.843e-06
8728.0 5.997e-06
8730.0 6.031e-06
8732.0 5.976e-06
8734.0 5.886e-06
8736.0 5.814e-06
8738.0 5.796e-06
8740.0 5.834e-06
8742.0 5.893e-06
8744.0 5.92e-06
8746.0 5.866e-06
8748.0 5.708e-06
8750.0 5.464e-06
8752.0 5.183e-06
8754.0 4.933e-06
8756.0 4.771e-06
8758.0 4.724e-06
8760.0 4.785e-06
8762.0 4.922e-06
8764.0 5.093e-06
8766.0 5.264e-06
8768.0 5.414e-06
8770.0 5.538e-06
8772.0 5.63e-06
8774.0 5.68e-06
8776.0 5.672e-06
8778.0 5.589e-06
8780.0 5.423e-06
8782.0 5.189e-06
8784.0 4.92e-06
8786.0 4.662e-06
8788.0 4.45e-06
8790.0 4.303e-06
8792.0 4.212e-06
8794.0 4.148e-06
8796.0 4.076e-06
8798.0 3.981e-06
8800.0 3.867e-06
8802.0 3.765e-06
8804.0 3.72e-06
8806.0 3.766e-06
8808.0 3.923e-06
8810.0 4.178e-06
8812.0 4.49e-06
8814.0 4.806e-06
8816.0 5.077e-06
8818.0 5.27e-06
8820.0 5.374e-06
8822.0 5.402e-06
8824.0 5.373e-06
8826.0 5.301e-06
8828.0 5.188e-06
8830.0 5.027e-06
8832.0 4.81e-06
8834.0 4.539e-06
8836.0 4.233e-06
8838.0 3.929e-06
8840.0 3.668e-06
8842.0 3.484e-06
8844.0 3.395e-06
8846.0 3.394e-06
8848.0 3.465e-06
8850.0 3.578e-06
8852.0 3.707e-06
8854.0 3.828e-06
8856.0 3.923e-06
8858.0 3.98e-06
8860.0 3.998e-06
8862.0 3.99e-06
8864.0 3.977e-06
8866.0 3.983e-06
8868.0 4.031e-06
8870.0 4.132e-06
8872.0 4.277e-06
8874.0 4.444e-06
8876.0 4.598e-06
8878.0 4.706e-06
8880.0 4.743e-06
8882.0 4.699e-06
8884.0 4.582e-06
8886.0 4.409e-06
8888.0 4.208e-06
8890.0 4.005e-06
8892.0 3.824e-06
8894.0 3.674e-06
8896.0 3.558e-06
8898.0 3.467e-06
8900.0 3.388e-06
8902.0 3.314e-06
8904.0 3.251e-06
8906.0 3.215e-06
8908.0 3.222e-06
8910.0 3.286e-06
8912.0 3.403e-06
8914.0 3.549e-06
8916.0 3.691e-06
8918.0 3.8e-06
8920.0 3.86e-06
8922.0 3.877e-06
8924.0 3.873e-06
8926.0 3.875e-06
8928.0 3.894e-06
8930.0 3.925e-06
8932.0 3.941e-06
8934.0 3.91e-06
8936.0 3.806e-06
8938.0 3.625e-06
8940.0 3.382e-06
8942.0 3.114e-06
8944.0 2.861e-06
8946.0 2.659e-06
8948.0 2.523e-06
8950.0 2.453e-06
8952.0 2.432e-06
8954.0 2.441e-06
8956.0 2.467e-06
8958.0 2.508e-06
8960.0 2.576e-06
8962.0 2.682e-06
8964.0 2.828e-06
8966.0 3.001e-06
8968.0 3.172e-06
8970.0 3.306e-06
8972.0 3.377e-06
8974.0 3.38e-06
8976.0 3.329e-06
8978.0 3.252e-06
8980.0 3.182e-06
8982.0 3.139e-06
8984.0 3.127e-06
8986.0 3.137e-06
8988.0 3.149e-06
8990.0 3.149e-06
8992.0 3.131e-06
8994.0 3.099e-06
8996.0 3.065e-06
8998.0 3.043e-06
9000.0 3.043e-06
9002.0 3.069e-06
9004.0 3.117e-06
9006.0 3.176e-06
9008.0 3.233e-06
9010.0 3.276e-06
9012.0 3.294e-06
9014.0 3.278e-06
9016.0 3.223e-06
9018.0 3.133e-06
9020.0 3.025e-06
9022.0 2.928e-06
9024.0 2.875e-06
9026.0 2.898e-06
9028.0 3.008e-06
9030.0 3.192e-06
9032.0 3.408e-06
9034.0 3.598e-06
9036.0 3.709e-06
9038.0 3.711e-06
9040.0 3.603e-06
9042.0 3.414e-06
9044.0 3.193e-06
9046.0 2.985e-06
9048.0 2.826e-06
9050.0 2.729e-06
9052.0 2.689e-06
9054.0 2.693e-06
9056.0 2.722e-06
9058.0 2.759e-06
9060.0 2.786e-06
9062.0 2.79e-06
9064.0 2.764e-06
9066.0 2.705e-06
9068.0 2.623e-06
9070.0 2.538e-06
9072.0 2.47e-06
9074.0 2.438e-06
9076.0 2.45e-06
9078.0 2.497e-06
9080.0 2.556e-06
9082.0 2.602e-06
9084.0 2.616e-06
9086.0 2.595e-06
9088.0 2.549e-06
9090.0 2.499e-06
9092.0 2.464e-06
9094.0 2.45e-06
9096.0 2.45e-06
9098.0 2.452e-06
9100.0 2.438e-06
9102.0 2.398e-06
9104.0 2.333e-06
9106.0 2.255e-06
9108.0 2.182e-06
9110.0 2.132e-06
9112.0 2.116e-06
9114.0 2.136e-06
9116.0 2.186e-06
9118.0 2.257e-06
9120.0 2.339e-06
9122.0 2.422e-06
9124.0 2.502e-06
9126.0 2.574e-06
9128.0 2.639e-06
9130.0 2.693e-06
9132.0 2.73e-06
9134.0 2.747e-06
9136.0 2.739e-06
9138.0 2.708e-06
9140.0 2.659e-06
9142.0 2.602e-06
9144.0 2.545e-06
9146.0 2.495e-06
9148.0 2.456e-06
9150.0 2.431e-06
9152.0 2.424e-06
9154.0 2.441e-06
9156.0 2.487e-06
9158.0 2.562e-06
9160.0 2.661e-06
9162.0 2.77e-06
9164.0 2.868e-06
9166.0 2.934e-06
9168.0 2.953e-06
9170.0 2.914e-06
9172.0 2.82e-06
9174.0 2.678e-06
9176.0 2.503e-06
9178.0 2.315e-06
9180.0 2.14e-06
9182.0 2.003e-06
9184.0 1.927e-06
9186.0 1.924e-06
9188.0 1.988e-06
9190.0 2.094e-06
9192.0 2.206e-06
9194.0 2.282e-06
9196.0 2.29e-06
9198.0 2.22e-06
9200.0 2.087e-06
9202.0 1.928e-06
9204.0 1.788e-06
9206.0 1.705e-06
9208.0 1.697e-06
9210.0 1.757e-06
9212.0 1.858e-06
9214.0 1.969e-06
9216.0 2.064e-06
9218.0 2.136e-06
9220.0 2.198e-06
9222.0 2.271e-06
9224.0 2.374e-06
9226.0 2.511e-06
9228.0 2.667e-06
9230.0 2.81e-06
9232.0 2.911e-06
9234.0 2.952e-06
9236.0 2.934e-06
9238.0 2.882e-06
9240.0 2.829e-06
9242.0 2.808e-06
9244.0 2.832e-06
9246.0 2.895e-06
9248.0 2.977e-06
9250.0 3.046e-06
9252.0 3.076e-06
9254.0 3.051e-06
9256.0 2.973e-06
9258.0 2.856e-06
9260.0 2.718e-06
9262.0 2.579e-06
9264.0 2.454e-06
9266.0 2.349e-06
9268.0 2.265e-06
9270.0 2.199e-06
9272.0 2.15e-06
9274.0 2.12e-06
9276.0 2.115e-06
9278.0 2.145e-06
9280.0 2.217e-06
9282.0 2.328e-06
9284.0 2.464e-06
9286.0 2.6e-06
9288.0 2.704e-06
9290.0 2.749e-06
9292.0 2.719e-06
9294.0 2.615e-06
9296.0 2.453e-06
9298.0 2.259e-06
9300.0 2.064e-06
9302.0 1.895e-06
9304.0 1.776e-06
9306.0 1.724e-06
9308.0 1.749e-06
9310.0 1.849e-06
9312.0 2.012e-06
9314.0 2.21e-06
9316.0 2.409e-06
9318.0 2.575e-06
9320.0 2.682e-06
9322.0 2.722e-06
9324.0 2.709e-06
9326.0 2.664e-06
9328.0 2.608e-06
9330.0 2.556e-06
9332.0 2.51e-06
9334.0 2.461e-06
9336.0 2.407e-06
9338.0 2.351e-06
9340.0 2.308e-06
9342.0 2.297e-06
9344.0 2.334e-06
9346.0 2.42e-06
9348.0 2.536e-06
9350.0 2.653e-06
9352.0 2.735e-06
9354.0 2.759e-06
9356.0 2.718e-06
9358.0 2.619e-06
9360.0 2.487e-06
9362.0 2.349e-06
9364.0 2.229e-06
9366.0 2.143e-06
9368.0 2.1e-06
9370.0 2.098e-06
9372.0 2.129e-06
9374.0 2.184e-06
9376.0 2.249e-06
9378.0 2.31e-06
9380.0 2.353e-06
9382.0 2.368e-06
9384.0 2.347e-06
9386.0 2.294e-06
9388.0 2.221e-06
9390.0 2.149e-06
9392.0 2.099e-06
9394.0 2.083e-06
9396.0 2.106e-06
9398.0 2.158e-06
9400.0 2.223e-06
9402.0 2.282e-06
9404.0 2.325e-06
9406.0 2.35e-06
9408.0 2.365e-06
9410.0 2.383e-06
9412.0 2.413e-06
9414.0 2.459e-06
9416.0 2.518e-06
9418.0 2.588e-06
9420.0 2.66e-06
9422.0 2.726e-06
9424.0 2.778e-06
9426.0 2.809e-06
9428.0 2.81e-06
9430.0 2.779e-06
9432.0 2.72e-06
9434.0 2.645e-06
9436.0 2.571e-06
9438.0 2.519e-06
9440.0 2.502e-06
9442.0 2.527e-06
9444.0 2.589e-06
9446.0 2.671e-06
9448.0 2.751e-06
9450.0 2.81e-06
9452.0 2.832e-06
9454.0 2.809e-06
9456.0 2.741e-06
9458.0 2.63e-06
9460.0 2.482e-06
9462.0 2.308e-06
9464.0 2.123e-06
9466.0 1.952e-06
9468.0 1.824e-06
9470.0 1.767e-06
9472.0 1.798e-06
9474.0 1.914e-06
9476.0 2.083e-06
9478.0 2.258e-06
9480.0 2.384e-06
9482.0 2.42e-06
9484.0 2.35e-06
9486.0 2.193e-06
9488.0 1.996e-06
9490.0 1.815e-06
9492.0 1.697e-06
9494.0 1.667e-06
9496.0 1.717e-06
9498.0 1.819e-06
9500.0 1.929e-06
9502.0 2.011e-06
9504.0 2.041e-06
9506.0 2.018e-06
9508.0 1.956e-06
9510.0 1.879e-06
9512.0 1.811e-06
9514.0 1.774e-06
9516.0 1.781e-06
9518.0 1.833e-06
9520.0 1.925e-06
9522.0 2.04e-06
9524.0 2.157e-06
9526.0 2.259e-06
9528.0 2.33e-06
9530.0 2.369e-06
9532.0 2.383e-06
9534.0 2.393e-06
9536.0 2.414e-06
9538.0 2.455e-06
9540.0 2.513e-06
9542.0 2.569e-06
9544.0 2.606e-06
9546.0 2.609e-06
9548.0 2.579e-06
9550.0 2.528e-06
9552.0 2.48e-06
9554.0 2.452e-06
9556.0 2.45e-06
9558.0 2.463e-06
9560.0 2.466e-06
9562.0 2.432e-06
9564.0 2.347e-06
9566.0 2.218e-06
9568.0 2.072e-06
9570.0 1.946e-06
9572.0 1.876e-06
9574.0 1.878e-06
9576.0 1.951e-06
9578.0 2.073e-06
9580.0 2.214e-06
9582.0 2.349e-06
9584.0 2.465e-06
9586.0 2.562e-06
9588.0 2.652e-06
9590.0 2.749e-06
9592.0 2.86e-06
9594.0 2.979e-06
9596.0 3.09e-06
9598.0 3.166e-06
9600.0 3.179e-06
9602.0 3.108e-06
9604.0 2.948e-06
9606.0 2.714e-06
9608.0 2.44e-06
9610.0 2.17e-06
9612.0 1.945e-06
9614.0 1.799e-06
9616.0 1.749e-06
9618.0 1.795e-06
9620.0 1.925e-06
9622.0 2.119e-06
9624.0 2.358e-06
9626.0 2.617e-06
9628.0 2.872e-06
9630.0 3.096e-06
9632.0 3.259e-06
9634.0 3.337e-06
9636.0 3.316e-06
9638.0 3.203e-06
9640.0 3.02e-06
9642.0 2.8e-06
9644.0 2.579e-06
9646.0 2.384e-06
9648.0 2.228e-06
9650.0 2.109e-06
9652.0 2.021e-06
9654.0 1.959e-06
9656.0 1.922e-06
9658.0 1.912e-06
9660.0 1.93e-06
9662.0 1.969e-06
9664.0 2.018e-06
9666.0 2.063e-06
9668.0 2.093e-06
9670.0 2.108e-06
9672.0 2.116e-06
9674.0 2.129e-06
9676.0 2.157e-06
9678.0 2.198e-06
9680.0 2.239e-06
9682.0 2.262e-06
9684.0 2.248e-06
9686.0 2.184e-06
9688.0 2.077e-06
9690.0 1.943e-06
9692.0 1.814e-06
9694.0 1.724e-06
9696.0 1.703e-06
9698.0 1.765e-06
9700.0 1.91e-06
9702.0 2.115e-06
9704.0 2.343e-06
9706.0 2.552e-06
9708.0 2.703e-06
9710.0 2.772e-06
9712.0 2.755e-06
9714.0 2.67e-06
9716.0 2.547e-06
9718.0 2.421e-06
9720.0 2.321e-06
9722.0 2.264e-06
9724.0 2.246e-06
9726.0 2.253e-06
9728.0 2.26e-06
9730.0 2.249e-06
9732.0 2.21e-06
9734.0 2.149e-06
9736.0 2.085e-06
9738.0 2.04e-06
9740.0 2.032e-06
9742.0 2.069e-06
9744.0 2.145e-06
9746.0 2.245e-06
9748.0 2.352e-06
9750.0 2.452e-06
9752.0 2.541e-06
9754.0 2.618e-06
9756.0 2.684e-06
9758.0 2.735e-06
9760.0 2.766e-06
9762.0 2.769e-06
9764.0 2.738e-06
9766.0 2.677e-06
9768.0 2.595e-06
9770.0 2.503e-06
9772.0 2.415e-06
9774.0 2.339e-06
9776.0 2.277e-06
9778.0 2.228e-06
9780.0 2.188e-06
9782.0 2.149e-06
9784.0 2.108e-06
9786.0 2.067e-06
9788.0 2.031e-06
9790.0 2.012e-06
9792.0 2.018e-06
9794.0 2.053e-06
9796.0 2.116e-06
9798.0 2.19e-06
9800.0 2.255e-06
9802.0 2.29e-06
9804.0 2.28e-06
9806.0 2.224e-06
9808.0 2.134e-06
9810.0 2.035e-06
9812.0 1.953e-06
9814.0 1.911e-06
9816.0 1.922e-06
9818.0 1.986e-06
9820.0 2.092e-06
9822.0 2.221e-06
9824.0 2.357e-06
9826.0 2.488e-06
9828.0 2.609e-06
9830.0 2.725e-06
9832.0 2.837e-06
9834.0 2.943e-06
9836.0 3.032e-06
9838.0 3.084e-06
9840.0 3.079e-06
9842.0 3.005e-06
9844.0 2.864e-06
9846.0 2.677e-06
9848.0 2.477e-06
9850.0 2.301e-06
9852.0 2.177e-06
9854.0 2.118e-06
9856.0 2.123e-06
9858.0 2.173e-06
9860.0 2.246e-06
9862.0 2.32e-06
9864.0 2.382e-06
9866.0 2.427e-06
9868.0 2.454e-06
9870.0 2.466e-06
9872.0 2.465e-06
9874.0 2.45e-06
9876.0 2.426e-06
9878.0 2.396e-06
9880.0 2.37e-06
9882.0 2.363e-06
9884.0 2.383e-06
9886.0 2.436e-06
9888.0 2.517e-06
9890.0 2.612e-06
9892.0 2.702e-06
9894.0 2.768e-06
9896.0 2.796e-06
9898.0 2.784e-06
9900.0 2.732e-06
9902.0 2.65e-06
9904.0 2.548e-06
9906.0 2.436e-06
9908.0 2.321e-06
9910.0 2.212e-06
9912.0 2.111e-06
9914.0 2.023e-06
9916.0 1.95e-06
9918.0 1.896e-06
9920.0 1.873e-06
9922.0 1.886e-06
9924.0 1.943e-06
9926.0 2.041e-06
9928.0 2.169e-06
9930.0 2.301e-06
9932.0 2.412e-06
9934.0 2.478e-06
9936.0 2.486e-06
9938.0 2.44e-06
9940.0 2.355e-06
9942.0 2.255e-06
9944.0 2.163e-06
9946.0 2.094e-06
9948.0 2.059e-06
9950.0 2.059e-06
9952.0 2.088e-06
9954.0 2.136e-06
9956.0 2.189e-06
9958.0 2.234e-06
9960.0 2.261e-06
9962.0 2.267e-06
9964.0 2.259e-06
9966.0 2.249e-06
9968.0 2.245e-06
9970.0 2.249e-06
9972.0 2.252e-06
9974.0 2.238e-06
9976.0 2.192e-06
9978.0 2.106e-06
9980.0 1.987e-06
9982.0 1.854e-06
9984.0 1.731e-06
9986.0 1.641e-06
9988.0 1.599e-06
9990.0 1.609e-06
9992.0 1.667e-06
9994.0 1.761e-06
9996.0 1.875e-06
9998.0 1.995e-06
10000.0 2.109e-06
10002.0 2.21e-06
10004.0 2.304e-06
10006.0 2.4e-06
10008.0 2.508e-06
10010.0 2.632e-06
10012.0 2.763e-06
10014.0 2.873e-06
10016.0 2.928e-06
10018.0 2.897e-06
10020.0 2.769e-06
10022.0 2.562e-06
10024.0 2.318e-06
10026.0 2.097e-06
10028.0 1.955e-06
10030.0 1.928e-06
10032.0 2.022e-06
10034.0 2.212e-06
10036.0 2.455e-06
10038.0 2.699e-06
10040.0 2.898e-06
10042.0 3.022e-06
10044.0 3.057e-06
10046.0 3.011e-06
10048.0 2.906e-06
10050.0 2.771e-06
10052.0 2.635e-06
10054.0 2.523e-06
10056.0 2.441e-06
10058.0 2.386e-06
10060.0 2.345e-06
10062.0 2.307e-06
10064.0 2.264e-06
10066.0 2.223e-06
10068.0 2.198e-06
10070.0 2.203e-06
10072.0 2.247e-06
10074.0 2.327e-06
10076.0 2.427e-06
10078.0 2.527e-06
10080.0 2.61e-06
10082.0 2.659e-06
10084.0 2.672e-06
10086.0 2.649e-06
10088.0 2.596e-06
10090.0 2.526e-06
10092.0 2.452e-06
10094.0 2.39e-06
10096.0 2.353e-06
10098.0 2.35e-06
10100.0 2.376e-06
10102.0 2.417e-06
10104.0 2.45e-06
10106.0 2.451e-06
10108.0 2.406e-06
10110.0 2.319e-06
10112.0 2.213e-06
10114.0 2.119e-06
10116.0 2.066e-06
10118.0 2.07e-06
10120.0 2.127e-06
10122.0 2.219e-06
10124.0 2.319e-06
10126.0 2.406e-06
10128.0 2.472e-06
10130.0 2.526e-06
10132.0 2.583e-06
10134.0 2.662e-06
10136.0 2.772e-06
10138.0 2.907e-06
10140.0 3.052e-06
10142.0 3.184e-06
10144.0 3.282e-06
10146.0 3.336e-06
10148.0 3.343e-06
10150.0 3.309e-06
10152.0 3.245e-06
10154.0 3.16e-06
10156.0 3.067e-06
10158.0 2.979e-06
10160.0 2.911e-06
10162.0 2.872e-06
10164.0 2.873e-06
10166.0 2.909e-06
10168.0 2.972e-06
10170.0 3.038e-06
10172.0 3.083e-06
10174.0 3.08e-06
10176.0 3.014e-06
10178.0 2.88e-06
10180.0 2.683e-06
10182.0 2.438e-06
10184.0 2.167e-06
10186.0 1.894e-06
10188.0 1.647e-06
10190.0 1.449e-06
10192.0 1.326e-06
10194.0 1.292e-06
10196.0 1.353e-06
10198.0 1.502e-06
10200.0 1.714e-06
10202.0 1.955e-06
10204.0 2.183e-06
10206.0 2.361e-06
10208.0 2.466e-06
10210.0 2.495e-06
10212.0 2.464e-06
10214.0 2.401e-06
10216.0 2.336e-06
10218.0 2.296e-06
10220.0 2.294e-06
10222.0 2.334e-06
10224.0 2.407e-06
10226.0 2.499e-06
10228.0 2.588e-06
10230.0 2.655e-06
10232.0 2.679e-06
10234.0 2.649e-06
10236.0 2.565e-06
10238.0 2.443e-06
10240.0 2.309e-06
10242.0 2.197e-06
10244.0 2.132e-06
10246.0 2.127e-06
10248.0 2.176e-06
10250.0 2.256e-06
10252.0 2.337e-06
10254.0 2.391e-06
10256.0 2.398e-06
10258.0 2.353e-06
10260.0 2.263e-06
10262.0 2.147e-06
10264.0 2.03e-06
10266.0 1.938e-06
10268.0 1.894e-06
10270.0 1.912e-06
10272.0 1.99e-06
10274.0 2.115e-06
10276.0 2.263e-06
10278.0 2.403e-06
10280.0 2.511e-06
10282.0 2.573e-06
10284.0 2.59e-06
10286.0 2.57e-06
10288.0 2.525e-06
10290.0 2.467e-06
10292.0 2.398e-06
10294.0 2.317e-06
10296.0 2.221e-06
10298.0 2.11e-06
10300.0 1.99e-06
10302.0 1.873e-06
10304.0 1.778e-06
10306.0 1.728e-06
10308.0 1.738e-06
10310.0 1.813e-06
10312.0 1.942e-06
10314.0 2.1e-06
10316.0 2.255e-06
10318.0 2.376e-06
10320.0 2.449e-06
10322.0 2.474e-06
10324.0 2.47e-06
10326.0 2.461e-06
10328.0 2.469e-06
10330.0 2.503e-06
10332.0 2.555e-06
10334.0 2.611e-06
10336.0 2.652e-06
10338.0 2.669e-06
10340.0 2.665e-06
10342.0 2.654e-06
10344.0 2.654e-06
10346.0 2.678e-06
10348.0 2.726e-06
10350.0 2.786e-06
10352.0 2.838e-06
10354.0 2.862e-06
10356.0 2.842e-06
10358.0 2.772e-06
10360.0 2.657e-06
10362.0 2.51e-06
10364.0 2.345e-06
10366.0 2.176e-06
10368.0 2.018e-06
10370.0 1.882e-06
10372.0 1.785e-06
10374.0 1.741e-06
10376.0 1.76e-06
10378.0 1.844e-06
10380.0 1.978e-06
10382.0 2.135e-06
10384.0 2.28e-06
10386.0 2.38e-06
10388.0 2.415e-06
10390.0 2.386e-06
10392.0 2.312e-06
10394.0 2.229e-06
10396.0 2.17e-06
10398.0 2.159e-06
10400.0 2.205e-06
10402.0 2.302e-06
10404.0 2.428e-06
10406.0 2.562e-06
10408.0 2.687e-06
10410.0 2.789e-06
10412.0 2.86e-06
10414.0 2.894e-06
10416.0 2.888e-06
10418.0 2.845e-06
10420.0 2.774e-06
10422.0 2.692e-06
10424.0 2.62e-06
10426.0 2.577e-06
10428.0 2.568e-06
10430.0 2.587e-06
10432.0 2.612e-06
10434.0 2.62e-06
10436.0 2.59e-06
10438.0 2.518e-06
10440.0 2.417e-06
10442.0 2.312e-06
10444.0 2.23e-06
10446.0 2.189e-06
10448.0 2.195e-06
10450.0 2.237e-06
10452.0 2.296e-06
10454.0 2.348e-06
10456.0 2.374e-06
10458.0 2.362e-06
10460.0 2.311e-06
10462.0 2.228e-06
10464.0 2.13e-06
10466.0 2.036e-06
10468.0 1.966e-06
10470.0 1.933e-06
10472.0 1.943e-06
10474.0 1.994e-06
10476.0 2.073e-06
10478.0 2.169e-06
10480.0 2.272e-06
10482.0 2.377e-06
10484.0 2.481e-06
10486.0 2.589e-06
10488.0 2.7e-06
10490.0 2.809e-06
10492.0 2.906e-06
10494.0 2.979e-06
10496.0 3.011e-06
10498.0 2.992e-06
10500.0 2.913e-06
10502.0 2.776e-06
10504.0 2.592e-06
10506.0 2.384e-06
10508.0 2.183e-06
10510.0 2.022e-06
10512.0 1.929e-06
10514.0 1.918e-06
10516.0 1.982e-06
10518.0 2.097e-06
10520.0 2.229e-06
10522.0 2.347e-06
10524.0 2.436e-06
10526.0 2.495e-06
10528.0 2.537e-06
10530.0 2.574e-06
10532.0 2.612e-06
10534.0 2.641e-06
10536.0 2.648e-06
10538.0 2.622e-06
10540.0 2.565e-06
10542.0 2.498e-06
10544.0 2.449e-06
10546.0 2.44e-06
10548.0 2.479e-06
10550.0 2.554e-06
10552.0 2.636e-06
10554.0 2.692e-06
10556.0 2.7e-06
10558.0 2.652e-06
10560.0 2.556e-06
10562.0 2.434e-06
10564.0 2.311e-06
10566.0 2.213e-06
10568.0 2.164e-06
10570.0 2.178e-06
10572.0 2.26e-06
10574.0 2.404e-06
10576.0 2.587e-06
10578.0 2.779e-06
10580.0 2.95e-06
10582.0 3.075e-06
10584.0 3.141e-06
10586.0 3.156e-06
10588.0 3.135e-06
10590.0 3.096e-06
10592.0 3.052e-06
10594.0 3.002e-06
10596.0 2.937e-06
10598.0 2.843e-06
10600.0 2.706e-06
10602.0 2.525e-06
10604.0 2.308e-06
10606.0 2.075e-06
10608.0 1.855e-06
10610.0 1.677e-06
10612.0 1.571e-06
10614.0 1.556e-06
10616.0 1.635e-06
10618.0 1.794e-06
10620.0 2.002e-06
10622.0 2.215e-06
10624.0 2.393e-06
10626.0 2.507e-06
10628.0 2.549e-06
10630.0 2.532e-06
10632.0 2.485e-06
10634.0 2.44e-06
10636.0 2.423e-06
10638.0 2.443e-06
10640.0 2.497e-06
10642.0 2.57e-06
10644.0 2.645e-06
10646.0 2.71e-06
10648.0 2.761e-06
10650.0 2.802e-06
10652.0 2.837e-06
10654.0 2.873e-06
10656.0 2.908e-06
10658.0 2.933e-06
10660.0 2.935e-06
10662.0 2.902e-06
10664.0 2.827e-06
10666.0 2.719e-06
10668.0 2.594e-06
10670.0 2.481e-06
10672.0 2.408e-06
10674.0 2.391e-06
10676.0 2.43e-06
10678.0 2.51e-06
10680.0 2.603e-06
10682.0 2.683e-06
10684.0 2.729e-06
10686.0 2.739e-06
10688.0 2.722e-06
10690.0 2.692e-06
10692.0 2.662e-06
10694.0 2.637e-06
10696.0 2.618e-06
10698.0 2.599e-06
10700.0 2.577e-06
10702.0 2.55e-06
10704.0 2.52e-06
10706.0 2.489e-06
10708.0 2.463e-06
10710.0 2.443e-06
10712.0 2.435e-06
10714.0 2.443e-06
10716.0 2.469e-06
10718.0 2.513e-06
10720.0 2.569e-06
10722.0 2.628e-06
10724.0 2.678e-06
10726.0 2.709e-06
10728.0 2.715e-06
10730.0 2.698e-06
10732.0 2.666e-06
10734.0 2.629e-06
10736.0 2.601e-06
10738.0 2.589e-06
10740.0 2.594e-06
10742.0 2.61e-06
10744.0 2.629e-06
10746.0 2.637e-06
10748.0 2.628e-06
10750.0 2.602e-06
10752.0 2.563e-06
10754.0 2.517e-06
10756.0 2.47e-06
10758.0 2.419e-06
10760.0 2.359e-06
10762.0 2.283e-06
10764.0 2.19e-06
10766.0 2.088e-06
10768.0 1.999e-06
10770.0 1.95e-06
10772.0 1.968e-06
10774.0 2.066e-06
10776.0 2.237e-06
10778.0 2.453e-06
10780.0 2.669e-06
10782.0 2.842e-06
10784.0 2.935e-06
10786.0 2.937e-06
10788.0 2.855e-06
10790.0 2.715e-06
10792.0 2.552e-06
10794.0 2.398e-06
10796.0 2.273e-06
10798.0 2.188e-06
10800.0 2.148e-06
10802.0 2.149e-06
10804.0 2.187e-06
10806.0 2.258e-06
10808.0 2.351e-06
10810.0 2.454e-06
10812.0 2.55e-06
10814.0 2.622e-06
10816.0 2.657e-06
10818.0 2.647e-06
10820.0 2.596e-06
10822.0 2.52e-06
10824.0 2.439e-06
10826.0 2.373e-06
10828.0 2.337e-06
10830.0 2.336e-06
10832.0 2.359e-06
10834.0 2.388e-06
10836.0 2.405e-06
10838.0 2.392e-06
10840.0 2.346e-06
10842.0 2.274e-06
10844.0 2.194e-06
10846.0 2.128e-06
10848.0 2.096e-06
10850.0 2.107e-06
10852.0 2.157e-06
10854.0 2.23e-06
10856.0 2.31e-06
10858.0 2.384e-06
10860.0 2.45e-06
10862.0 2.514e-06
10864.0 2.587e-06
10866.0 2.676e-06
10868.0 2.777e-06
10870.0 2.874e-06
10872.0 2.944e-06
10874.0 2.965e-06
10876.0 2.927e-06
10878.0 2.841e-06
10880.0 2.731e-06
10882.0 2.632e-06
10884.0 2.573e-06
10886.0 2.566e-06
10888.0 2.603e-06
10890.0 2.662e-06
10892.0 2.714e-06
10894.0 2.739e-06
10896.0 2.732e-06
10898.0 2.701e-06
10900.0 2.664e-06
10902.0 2.634e-06
10904.0 2.619e-06
10906.0 2.615e-06
10908.0 2.612e-06
10910.0 2.605e-06
10912.0 2.595e-06
10914.0 2.591e-06
10916.0 2.603e-06
10918.0 2.638e-06
10920.0 2.696e-06
10922.0 2.767e-06
10924.0 2.837e-06
10926.0 2.894e-06
10928.0 2.932e-06
10930.0 2.951e-06
10932.0 2.953e-06
10934.0 2.941e-06
10936.0 2.918e-06
10938.0 2.883e-06
10940.0 2.836e-06
10942.0 2.775e-06
10944.0 2.706e-06
10946.0 2.629e-06
10948.0 2.55e-06
10950.0 2.467e-06
10952.0 2.374e-06
10954.0 2.265e-06
10956.0 2.135e-06
10958.0 1.982e-06
10960.0 1.814e-06
10962.0 1.643e-06
10964.0 1.484e-06
10966.0 1.355e-06
10968.0 1.275e-06
10970.0 1.255e-06
10972.0 1.301e-06
10974.0 1.408e-06
10976.0 1.56e-06
10978.0 1.733e-06
10980.0 1.901e-06
10982.0 2.042e-06
10984.0 2.145e-06
10986.0 2.214e-06
10988.0 2.262e-06
10990.0 2.302e-06
10992.0 2.341e-06
10994.0 2.374e-06
10996.0 2.392e-06
10998.0 2.387e-06
11000.0 2.363e-06
11002.0 2.337e-06
11004.0 2.337e-06
11006.0 2.386e-06
11008.0 2.489e-06
11010.0 2.628e-06
11012.0 2.764e-06
11014.0 2.851e-06
11016.0 2.855e-06
11018.0 2.767e-06
11020.0 2.608e-06
11022.0 2.417e-06
11024.0 2.24e-06
11026.0 2.106e-06
11028.0 2.025e-06
11030.0 1.984e-06
11032.0 1.962e-06
11034.0 1.938e-06
11036.0 1.907e-06
11038.0 1.879e-06
11040.0 1.877e-06
11042.0 1.928e-06
11044.0 2.042e-06
11046.0 2.214e-06
11048.0 2.416e-06
11050.0 2.603e-06
11052.0 2.734e-06
11054.0 2.778e-06
11056.0 2.727e-06
11058.0 2.597e-06
11060.0 2.424e-06
11062.0 2.251e-06
11064.0 2.11e-06
11066.0 2.022e-06
11068.0 1.985e-06
11070.0 1.984e-06
11072.0 1.998e-06
11074.0 2.009e-06
11076.0 2.008e-06
11078.0 2e-06
11080.0 2.001e-06
11082.0 2.033e-06
11084.0 2.11e-06
11086.0 2.236e-06
11088.0 2.398e-06
11090.0 2.569e-06
11092.0 2.714e-06
11094.0 2.804e-06
11096.0 2.82e-06
11098.0 2.757e-06
11100.0 2.625e-06
11102.0 2.444e-06
11104.0 2.24e-06
11106.0 2.039e-06
11108.0 1.873e-06
11110.0 1.773e-06
11112.0 1.767e-06
11114.0 1.87e-06
11116.0 2.083e-06
11118.0 2.379e-06
11120.0 2.716e-06
11122.0 3.037e-06
11124.0 3.293e-06
11126.0 3.45e-06
11128.0 3.503e-06
11130.0 3.468e-06
11132.0 3.377e-06
11134.0 3.26e-06
11136.0 3.138e-06
11138.0 3.016e-06
11140.0 2.883e-06
11142.0 2.725e-06
11144.0 2.532e-06
11146.0 2.309e-06
11148.0 2.079e-06
11150.0 1.88e-06
11152.0 1.747e-06
11154.0 1.709e-06
11156.0 1.771e-06
11158.0 1.914e-06
11160.0 2.099e-06
11162.0 2.275e-06
11164.0 2.398e-06
11166.0 2.439e-06
11168.0 2.394e-06
11170.0 2.284e-06
11172.0 2.147e-06
11174.0 2.026e-06
11176.0 1.956e-06
11178.0 1.961e-06
11180.0 2.042e-06
11182.0 2.19e-06
11184.0 2.382e-06
11186.0 2.588e-06
11188.0 2.78e-06
11190.0 2.927e-06
11192.0 3.006e-06
11194.0 3.002e-06
11196.0 2.911e-06
11198.0 2.753e-06
11200.0 2.563e-06
11202.0 2.389e-06
11204.0 2.281e-06
11206.0 2.271e-06
11208.0 2.368e-06
11210.0 2.55e-06
11212.0 2.772e-06
11214.0 2.982e-06
11216.0 3.134e-06
11218.0 3.202e-06
11220.0 3.183e-06
11222.0 3.091e-06
11224.0 2.954e-06
11226.0 2.801e-06
11228.0 2.654e-06
11230.0 2.531e-06
11232.0 2.443e-06
11234.0 2.395e-06
11236.0 2.389e-06
11238.0 2.419e-06
11240.0 2.476e-06
11242.0 2.542e-06
11244.0 2.598e-06
11246.0 2.627e-06
11248.0 2.62e-06
11250.0 2.583e-06
11252.0 2.533e-06
11254.0 2.492e-06
11256.0 2.485e-06
11258.0 2.525e-06
11260.0 2.614e-06
11262.0 2.736e-06
11264.0 2.87e-06
11266.0 2.991e-06
11268.0 3.074e-06
11270.0 3.105e-06
11272.0 3.079e-06
11274.0 3.001e-06
11276.0 2.88e-06
11278.0 2.73e-06
11280.0 2.57e-06
11282.0 2.416e-06
11284.0 2.284e-06
11286.0 2.189e-06
11288.0 2.138e-06
11290.0 2.132e-06
11292.0 2.167e-06
11294.0 2.229e-06
11296.0 2.305e-06
11298.0 2.378e-06
11300.0 2.438e-06
11302.0 2.476e-06
11304.0 2.485e-06
11306.0 2.461e-06
11308.0 2.405e-06
11310.0 2.321e-06
11312.0 2.222e-06
11314.0 2.133e-06
11316.0 2.083e-06
11318.0 2.097e-06
11320.0 2.183e-06
11322.0 2.328e-06
11324.0 2.494e-06
11326.0 2.631e-06
11328.0 2.696e-06
11330.0 2.666e-06
11332.0 2.555e-06
11334.0 2.404e-06
11336.0 2.271e-06
11338.0 2.21e-06
11340.0 2.248e-06
11342.0 2.377e-06
11344.0 2.561e-06
11346.0 2.742e-06
11348.0 2.866e-06
11350.0 2.899e-06
11352.0 2.838e-06
11354.0 2.711e-06
11356.0 2.565e-06
11358.0 2.451e-06
11360.0 2.406e-06
11362.0 2.441e-06
11364.0 2.544e-06
11366.0 2.679e-06
11368.0 2.806e-06
11370.0 2.896e-06
11372.0 2.934e-06
11374.0 2.924e-06
11376.0 2.885e-06
11378.0 2.835e-06
11380.0 2.794e-06
11382.0 2.768e-06
11384.0 2.758e-06
11386.0 2.764e-06
11388.0 2.784e-06
11390.0 2.819e-06
11392.0 2.865e-06
11394.0 2.914e-06
11396.0 2.95e-06
11398.0 2.954e-06
11400.0 2.907e-06
11402.0 2.801e-06
11404.0 2.641e-06
11406.0 2.449e-06
11408.0 2.256e-06
11410.0 2.1e-06
11412.0 2.008e-06
11414.0 1.996e-06
11416.0 2.06e-06
11418.0 2.185e-06
11420.0 2.344e-06
11422.0 2.511e-06
11424.0 2.666e-06
11426.0 2.792e-06
11428.0 2.883e-06
11430.0 2.931e-06
11432.0 2.932e-06
11434.0 2.888e-06
11436.0 2.8e-06
11438.0 2.681e-06
11440.0 2.549e-06
11442.0 2.424e-06
11444.0 2.321e-06
11446.0 2.247e-06
11448.0 2.201e-06
11450.0 2.171e-06
11452.0 2.144e-06
11454.0 2.109e-06
11456.0 2.064e-06
11458.0 2.015e-06
11460.0 1.978e-06
11462.0 1.967e-06
11464.0 1.997e-06
11466.0 2.077e-06
11468.0 2.205e-06
11470.0 2.368e-06
11472.0 2.543e-06
11474.0 2.703e-06
11476.0 2.819e-06
11478.0 2.871e-06
11480.0 2.854e-06
11482.0 2.784e-06
11484.0 2.687e-06
11486.0 2.597e-06
11488.0 2.541e-06
11490.0 2.532e-06
11492.0 2.565e-06
11494.0 2.625e-06
11496.0 2.694e-06
11498.0 2.756e-06
11500.0 2.806e-06
11502.0 2.845e-06
11504.0 2.874e-06
11506.0 2.892e-06
11508.0 2.895e-06
11510.0 2.881e-06
11512.0 2.851e-06
11514.0 2.815e-06
11516.0 2.784e-06
11518.0 2.767e-06
11520.0 2.763e-06
11522.0 2.758e-06
11524.0 2.736e-06
11526.0 2.679e-06
11528.0 2.588e-06
11530.0 2.479e-06
11532.0 2.381e-06
11534.0 2.323e-06
11536.0 2.327e-06
11538.0 2.393e-06
11540.0 2.503e-06
11542.0 2.628e-06
11544.0 2.735e-06
11546.0 2.804e-06
11548.0 2.823e-06
11550.0 2.796e-06
11552.0 2.738e-06
11554.0 2.664e-06
11556.0 2.592e-06
11558.0 2.537e-06
11560.0 2.513e-06
11562.0 2.528e-06
11564.0 2.587e-06
11566.0 2.685e-06
11568.0 2.81e-06
11570.0 2.942e-06
11572.0 3.057e-06
11574.0 3.134e-06
11576.0 3.159e-06
11578.0 3.12e-06
11580.0 3.021e-06
11582.0 2.87e-06
11584.0 2.685e-06
11586.0 2.495e-06
11588.0 2.326e-06
11590.0 2.204e-06
11592.0 2.147e-06
11594.0 2.16e-06
11596.0 2.229e-06
11598.0 2.331e-06
11600.0 2.437e-06
11602.0 2.522e-06
11604.0 2.574e-06
11606.0 2.597e-06
11608.0 2.608e-06
11610.0 2.632e-06
11612.0 2.687e-06
11614.0 2.783e-06
11616.0 2.914e-06
11618.0 3.063e-06
11620.0 3.203e-06
11622.0 3.312e-06
11624.0 3.373e-06
11626.0 3.38e-06
11628.0 3.342e-06
11630.0 3.275e-06
11632.0 3.199e-06
11634.0 3.13e-06
11636.0 3.079e-06
11638.0 3.046e-06
11640.0 3.021e-06
11642.0 2.993e-06
11644.0 2.95e-06
11646.0 2.881e-06
11648.0 2.793e-06
11650.0 2.696e-06
11652.0 2.612e-06
11654.0 2.561e-06
11656.0 2.558e-06
11658.0 2.602e-06
11660.0 2.675e-06
11662.0 2.748e-06
11664.0 2.785e-06
11666.0 2.754e-06
11668.0 2.643e-06
11670.0 2.454e-06
11672.0 2.213e-06
11674.0 1.956e-06
11676.0 1.724e-06
11678.0 1.553e-06
11680.0 1.468e-06
11682.0 1.478e-06
11684.0 1.584e-06
11686.0 1.77e-06
11688.0 2.011e-06
11690.0 2.276e-06
11692.0 2.53e-06
11694.0 2.739e-06
11696.0 2.88e-06
11698.0 2.941e-06
11700.0 2.924e-06
11702.0 2.844e-06
11704.0 2.721e-06
11706.0 2.578e-06
11708.0 2.436e-06
11710.0 2.313e-06
11712.0 2.225e-06
11714.0 2.183e-06
11716.0 2.195e-06
11718.0 2.259e-06
11720.0 2.367e-06
11722.0 2.5e-06
11724.0 2.636e-06
11726.0 2.756e-06
11728.0 2.85e-06
11730.0 2.919e-06
11732.0 2.974e-06
11734.0 3.026e-06
11736.0 3.078e-06
11738.0 3.125e-06
11740.0 3.146e-06
11742.0 3.122e-06
11744.0 3.042e-06
11746.0 2.913e-06
11748.0 2.763e-06
11750.0 2.627e-06
11752.0 2.541e-06
11754.0 2.524e-06
11756.0 2.571e-06
11758.0 2.656e-06
11760.0 2.745e-06
11762.0 2.809e-06
11764.0 2.837e-06
11766.0 2.841e-06
11768.0 2.844e-06
11770.0 2.873e-06
11772.0 2.943e-06
11774.0 3.056e-06
11776.0 3.197e-06
11778.0 3.345e-06
11780.0 3.477e-06
11782.0 3.577e-06
11784.0 3.635e-06
11786.0 3.648e-06
11788.0 3.619e-06
11790.0 3.546e-06
11792.0 3.433e-06
11794.0 3.281e-06
11796.0 3.099e-06
11798.0 2.904e-06
11800.0 2.72e-06
11802.0 2.577e-06
11804.0 2.504e-06
11806.0 2.515e-06
11808.0 2.608e-06
11810.0 2.76e-06
11812.0 2.934e-06
11814.0 3.088e-06
11816.0 3.189e-06
11818.0 3.222e-06
11820.0 3.192e-06
11822.0 3.121e-06
11824.0 3.037e-06
11826.0 2.966e-06
11828.0 2.923e-06
11830.0 2.911e-06
11832.0 2.919e-06
11834.0 2.933e-06
11836.0 2.938e-06
11838.0 2.925e-06
11840.0 2.891e-06
11842.0 2.839e-06
11844.0 2.779e-06
11846.0 2.722e-06
11848.0 2.677e-06
11850.0 2.657e-06
11852.0 2.671e-06
11854.0 2.723e-06
11856.0 2.812e-06
11858.0 2.928e-06
11860.0 3.051e-06
11862.0 3.155e-06
11864.0 3.22e-06
11866.0 3.231e-06
11868.0 3.186e-06
11870.0 3.1e-06
11872.0 2.996e-06
11874.0 2.897e-06
11876.0 2.826e-06
11878.0 2.795e-06
11880.0 2.806e-06
11882.0 2.851e-06
11884.0 2.921e-06
11886.0 3.001e-06
11888.0 3.081e-06
11890.0 3.157e-06
11892.0 3.227e-06
11894.0 3.294e-06
11896.0 3.358e-06
11898.0 3.423e-06
11900.0 3.481e-06
11902.0 3.524e-06
11904.0 3.54e-06
11906.0 3.519e-06
11908.0 3.463e-06
11910.0 3.379e-06
11912.0 3.286e-06
11914.0 3.204e-06
11916.0 3.149e-06
11918.0 3.128e-06
11920.0 3.138e-06
11922.0 3.171e-06
11924.0 3.217e-06
11926.0 3.27e-06
11928.0 3.33e-06
11930.0 3.4e-06
11932.0 3.484e-06
11934.0 3.582e-06
11936.0 3.69e-06
11938.0 3.799e-06
11940.0 3.899e-06
11942.0 3.974e-06
11944.0 4.013e-06
11946.0 4.003e-06
11948.0 3.936e-06
11950.0 3.81e-06
11952.0 3.633e-06
11954.0 3.424e-06
11956.0 3.212e-06
11958.0 3.027e-06
11960.0 2.896e-06
11962.0 2.832e-06
11964.0 2.831e-06
11966.0 2.876e-06
11968.0 2.94e-06
11970.0 3.001e-06
11972.0 3.044e-06
11974.0 3.063e-06
11976.0 3.063e-06
11978.0 3.048e-06
11980.0 3.025e-06
11982.0 2.996e-06
11984.0 2.965e-06
11986.0 2.938e-06
11988.0 2.922e-06
11990.0 2.923e-06
11992.0 2.944e-06
11994.0 2.983e-06
11996.0 3.039e-06
11998.0 3.109e-06
12000.0 3.191e-06
12002.0 3.282e-06
12004.0 3.377e-06
12006.0 3.465e-06
12008.0 3.533e-06
12010.0 3.566e-06
12012.0 3.559e-06
12014.0 3.513e-06
12016.0 3.442e-06
12018.0 3.367e-06
12020.0 3.306e-06
12022.0 3.278e-06
12024.0 3.29e-06
12026.0 3.34e-06
12028.0 3.42e-06
12030.0 3.515e-06
12032.0 3.609e-06
12034.0 3.689e-06
12036.0 3.746e-06
12038.0 3.777e-06
12040.0 3.788e-06
12042.0 3.787e-06
12044.0 3.784e-06
12046.0 3.779e-06
12048.0 3.771e-06
12050.0 3.757e-06
12052.0 3.73e-06
12054.0 3.684e-06
12056.0 3.621e-06
12058.0 3.545e-06
12060.0 3.464e-06
12062.0 3.391e-06
12064.0 3.34e-06
12066.0 3.329e-06
12068.0 3.369e-06
12070.0 3.465e-06
12072.0 3.606e-06
12074.0 3.772e-06
12076.0 3.931e-06
12078.0 4.05e-06
12080.0 4.101e-06
12082.0 4.069e-06
12084.0 3.959e-06
12086.0 3.791e-06
12088.0 3.594e-06
12090.0 3.404e-06
12092.0 3.253e-06
12094.0 3.164e-06
12096.0 3.149e-06
12098.0 3.208e-06
12100.0 3.328e-06
12102.0 3.488e-06
12104.0 3.659e-06
12106.0 3.809e-06
12108.0 3.908e-06
12110.0 3.934e-06
12112.0 3.884e-06
12114.0 3.776e-06
12116.0 3.645e-06
12118.0 3.54e-06
12120.0 3.505e-06
12122.0 3.564e-06
12124.0 3.717e-06
12126.0 3.929e-06
12128.0 4.15e-06
12130.0 4.327e-06
12132.0 4.422e-06
12134.0 4.42e-06
12136.0 4.334e-06
12138.0 4.199e-06
12140.0 4.061e-06
12142.0 3.963e-06
12144.0 3.936e-06
12146.0 3.992e-06
12148.0 4.122e-06
12150.0 4.296e-06
12152.0 4.471e-06
12154.0 4.608e-06
12156.0 4.677e-06
12158.0 4.676e-06
12160.0 4.617e-06
12162.0 4.529e-06
12164.0 4.442e-06
12166.0 4.377e-06
12168.0 4.344e-06
12170.0 4.337e-06
12172.0 4.344e-06
12174.0 4.353e-06
12176.0 4.349e-06
12178.0 4.326e-06
12180.0 4.28e-06
12182.0 4.217e-06
12184.0 4.149e-06
12186.0 4.097e-06
12188.0 4.083e-06
12190.0 4.123e-06
12192.0 4.227e-06
12194.0 4.385e-06
12196.0 4.574e-06
12198.0 4.761e-06
12200.0 4.915e-06
12202.0 5.011e-06
12204.0 5.039e-06
12206.0 4.998e-06
12208.0 4.898e-06
12210.0 4.751e-06
12212.0 4.572e-06
12214.0 4.378e-06
12216.0 4.188e-06
12218.0 4.022e-06
12220.0 3.904e-06
12222.0 3.849e-06
12224.0 3.863e-06
12226.0 3.938e-06
12228.0 4.055e-06
12230.0 4.193e-06
12232.0 4.327e-06
12234.0 4.441e-06
12236.0 4.524e-06
12238.0 4.57e-06
12240.0 4.579e-06
12242.0 4.553e-06
12244.0 4.502e-06
12246.0 4.443e-06
12248.0 4.4e-06
12250.0 4.402e-06
12252.0 4.466e-06
12254.0 4.596e-06
12256.0 4.774e-06
12258.0 4.964e-06
12260.0 5.115e-06
12262.0 5.186e-06
12264.0 5.15e-06
12266.0 5.006e-06
12268.0 4.782e-06
12270.0 4.532e-06
12272.0 4.318e-06
12274.0 4.196e-06
12276.0 4.199e-06
12278.0 4.329e-06
12280.0 4.554e-06
12282.0 4.82e-06
12284.0 5.067e-06
12286.0 5.249e-06
12288.0 5.346e-06
12290.0 5.368e-06
12292.0 5.35e-06
12294.0 5.332e-06
12296.0 5.349e-06
12298.0 5.416e-06
12300.0 5.524e-06
12302.0 5.649e-06
12304.0 5.763e-06
12306.0 5.842e-06
12308.0 5.872e-06
12310.0 5.852e-06
12312.0 5.789e-06
12314.0 5.691e-06
12316.0 5.572e-06
12318.0 5.447e-06
12320.0 5.33e-06
12322.0 5.239e-06
12324.0 5.189e-06
12326.0 5.189e-06
12328.0 5.241e-06
12330.0 5.342e-06
12332.0 5.479e-06
12334.0 5.64e-06
12336.0 5.815e-06
12338.0 5.995e-06
12340.0 6.176e-06
12342.0 6.35e-06
12344.0 6.51e-06
12346.0 6.64e-06
12348.0 6.724e-06
12350.0 6.743e-06
12352.0 6.686e-06
12354.0 6.554e-06
12356.0 6.365e-06
12358.0 6.147e-06
12360.0 5.941e-06
12362.0 5.782e-06
12364.0 5.698e-06
12366.0 5.699e-06
12368.0 5.775e-06
12370.0 5.897e-06
12372.0 6.033e-06
12374.0 6.147e-06
12376.0 6.215e-06
12378.0 6.224e-06
12380.0 6.18e-06
12382.0 6.102e-06
12384.0 6.021e-06
12386.0 5.971e-06
12388.0 5.98e-06
12390.0 6.062e-06
12392.0 6.214e-06
12394.0 6.418e-06
12396.0 6.646e-06
12398.0 6.875e-06
12400.0 7.087e-06
12402.0 7.274e-06
12404.0 7.431e-06
12406.0 7.552e-06
12408.0 7.623e-06
12410.0 7.628e-06
12412.0 7.558e-06
12414.0 7.417e-06
12416.0 7.229e-06
12418.0 7.037e-06
12420.0 6.885e-06
12422.0 6.811e-06
12424.0 6.826e-06
12426.0 6.916e-06
12428.0 7.045e-06
12430.0 7.171e-06
12432.0 7.258e-06
12434.0 7.285e-06
12436.0 7.257e-06
12438.0 7.194e-06
12440.0 7.123e-06
12442.0 7.07e-06
12444.0 7.046e-06
12446.0 7.046e-06
12448.0 7.055e-06
12450.0 7.056e-06
12452.0 7.038e-06
12454.0 6.999e-06
12456.0 6.95e-06
12458.0 6.903e-06
12460.0 6.872e-06
12462.0 6.858e-06
12464.0 6.859e-06
12466.0 6.864e-06
12468.0 6.87e-06
12470.0 6.877e-06
12472.0 6.896e-06
12474.0 6.945e-06
12476.0 7.043e-06
12478.0 7.199e-06
12480.0 7.412e-06
12482.0 7.661e-06
12484.0 7.918e-06
12486.0 8.144e-06
12488.0 8.308e-06
12490.0 8.389e-06
12492.0 8.385e-06
12494.0 8.312e-06
12496.0 8.199e-06
12498.0 8.08e-06
12500.0 7.982e-06
12502.0 7.919e-06
12504.0 7.888e-06
12506.0 7.876e-06
12508.0 7.867e-06
12510.0 7.848e-06
12512.0 7.815e-06
12514.0 7.777e-06
12516.0 7.748e-06
12518.0 7.747e-06
12520.0 7.789e-06
12522.0 7.881e-06
12524.0 8.019e-06
12526.0 8.188e-06
12528.0 8.365e-06
12530.0 8.525e-06
12532.0 8.647e-06
12534.0 8.723e-06
12536.0 8.759e-06
12538.0 8.772e-06
12540.0 8.791e-06
12542.0 8.841e-06
12544.0 8.942e-06
12546.0 9.096e-06
12548.0 9.284e-06
12550.0 9.477e-06
12552.0 9.637e-06
12554.0 9.733e-06
12556.0 9.744e-06
12558.0 9.672e-06
12560.0 9.538e-06
12562.0 9.373e-06
12564.0 9.215e-06
12566.0 9.096e-06
12568.0 9.033e-06
12570.0 9.032e-06
12572.0 9.087e-06
12574.0 9.184e-06
12576.0 9.306e-06
12578.0 9.437e-06
12580.0 9.563e-06
12582.0 9.676e-06
12584.0 9.77e-06
12586.0 9.844e-06
12588.0 9.9e-06
12590.0 9.943e-06
12592.0 9.981e-06
12594.0 1.0024e-05
12596.0 1.008e-05
12598.0 1.0156e-05
12600.0 1.0253e-05
12602.0 1.0365e-05
12604.0 1.048e-05
12606.0 1.0587e-05
12608.0 1.0675e-05
12610.0 1.074e-05
12612.0 1.0784e-05
12614.0 1.0813e-05
12616.0 1.0839e-05
12618.0 1.0872e-05
12620.0 1.0924e-05
12622.0 1.1e-05
12624.0 1.1103e-05
12626.0 1.1226e-05
12628.0 1.1358e-05
12630.0 1.1482e-05
12632.0 1.1578e-05
12634.0 1.1635e-05
12636.0 1.165e-05
12638.0 1.1636e-05
12640.0 1.1611e-05
12642.0 1.1596e-05
12644.0 1.1605e-05
12646.0 1.1644e-05
12648.0 1.1706e-05
12650.0 1.1777e-05
12652.0 1.1839e-05
12654.0 1.1876e-05
12656.0 1.1877e-05
12658.0 1.184e-05
12660.0 1.1772e-05
12662.0 1.1687e-05
12664.0 1.1607e-05
12666.0 1.1557e-05
12668.0 1.1557e-05
12670.0 1.1619e-05
12672.0 1.1744e-05
12674.0 1.192e-05
12676.0 1.2122e-05
12678.0 1.2321e-05
12680.0 1.249e-05
12682.0 1.2614e-05
12684.0 1.269e-05
12686.0 1.273e-05
12688.0 1.2752e-05
12690.0 1.2779e-05
12692.0 1.2823e-05
12694.0 1.2888e-05
12696.0 1.2964e-05
12698.0 1.3037e-05
12700.0 1.3098e-05
12702.0 1.3144e-05
12704.0 1.3182e-05
12706.0 1.3228e-05
12708.0 1.3299e-05
12710.0 1.3404e-05
12712.0 1.3541e-05
12714.0 1.3694e-05
12716.0 1.3833e-05
12718.0 1.3931e-05
12720.0 1.3968e-05
12722.0 1.3942e-05
12724.0 1.3875e-05
12726.0 1.3802e-05
12728.0 1.3763e-05
12730.0 1.3791e-05
12732.0 1.3898e-05
12734.0 1.4075e-05
12736.0 1.4295e-05
12738.0 1.4526e-05
12740.0 1.4738e-05
12742.0 1.4915e-05
12744.0 1.5054e-05
12746.0 1.5162e-05
12748.0 1.5255e-05
12750.0 1.5345e-05
12752.0 1.5443e-05
12754.0 1.555e-05
12756.0 1.5662e-05
12758.0 1.5767e-05
12760.0 1.5852e-05
12762.0 1.5903e-05
12764.0 1.5917e-05
12766.0 1.5895e-05
12768.0 1.585e-05
12770.0 1.5801e-05
12772.0 1.5769e-05
12774.0 1.577e-05
12776.0 1.5817e-05
12778.0 1.5912e-05
12780.0 1.6055e-05
12782.0 1.6239e-05
12784.0 1.6458e-05
12786.0 1.6701e-05
12788.0 1.6957e-05
12790.0 1.7209e-05
12792.0 1.7439e-05
12794.0 1.7632e-05
12796.0 1.7779e-05
12798.0 1.7884e-05
12800.0 1.7964e-05
12802.0 1.8043e-05
12804.0 1.8149e-05
12806.0 1.8305e-05
12808.0 1.8517e-05
12810.0 1.8774e-05
12812.0 1.9045e-05
12814.0 1.9289e-05
12816.0 1.9465e-05
12818.0 1.9545e-05
12820.0 1.9527e-05
12822.0 1.9432e-05
12824.0 1.9301e-05
12826.0 1.9184e-05
12828.0 1.9124e-05
12830.0 1.9144e-05
12832.0 1.9251e-05
12834.0 1.943e-05
12836.0 1.9656e-05
12838.0 1.9894e-05
12840.0 2.0115e-05
12842.0 2.0293e-05
12844.0 2.0415e-05
12846.0 2.0485e-05
12848.0 2.0517e-05
12850.0 2.0539e-05
12852.0 2.0576e-05
12854.0 2.0647e-05
12856.0 2.0754e-05
12858.0 2.0887e-05
12860.0 2.1023e-05
12862.0 2.1143e-05
12864.0 2.1233e-05
12866.0 2.1293e-05
12868.0 2.1337e-05
12870.0 2.1383e-05
12872.0 2.1452e-05
12874.0 2.1559e-05
12876.0 2.1707e-05
12878.0 2.1891e-05
12880.0 2.2093e-05
12882.0 2.2294e-05
12884.0 2.2474e-05
12886.0 2.2622e-05
12888.0 2.274e-05
12890.0 2.2841e-05
12892.0 2.2951e-05
12894.0 2.3092e-05
12896.0 2.328e-05
12898.0 2.3511e-05
12900.0 2.3768e-05
12902.0 2.4025e-05
12904.0 2.4254e-05
12906.0 2.4441e-05
12908.0 2.4586e-05
12910.0 2.4702e-05
12912.0 2.4813e-05
12914.0 2.4937e-05
12916.0 2.5085e-05
12918.0 2.5256e-05
12920.0 2.5439e-05
12922.0 2.5622e-05
12924.0 2.5789e-05
12926.0 2.5934e-05
12928.0 2.6056e-05
12930.0 2.6158e-05
12932.0 2.6243e-05
12934.0 2.6314e-05
12936.0 2.6373e-05
12938.0 2.6423e-05
12940.0 2.6468e-05
12942.0 2.6516e-05
12944.0 2.658e-05
12946.0 2.6673e-05
12948.0 2.6804e-05
12950.0 2.6972e-05
12952.0 2.717e-05
12954.0 2.7389e-05
12956.0 2.762e-05
12958.0 2.7861e-05
12960.0 2.8112e-05
12962.0 2.8377e-05
12964.0 2.8651e-05
12966.0 2.8926e-05
12968.0 2.9188e-05
12970.0 2.9416e-05
12972.0 2.9598e-05
12974.0 2.9723e-05
12976.0 2.9814e-05
12978.0 2.991e-05
12980.0 3.0072e-05
12982.0 3.0365e-05
12984.0 3.0831e-05
12986.0 3.1446e-05
12988.0 3.2081e-05
12990.0 3.2488e-05
12992.0 3.2331e-05
12994.0 3.1262e-05
12996.0 2.9028e-05
12998.0 2.5577e-05
13000.0 2.1108e-05
