3.300000000000000000e+03 9.688902537163812667e-06
3.310000000000000000e+03 1.258259544556494802e-05
3.320000000000000000e+03 1.596960464667063206e-05
3.330000000000000000e+03 2.018117993429768831e-05
3.340000000000000000e+03 2.556800609454512596e-05
3.350000000000000000e+03 3.250022200518287718e-05
3.360000000000000000e+03 4.136345523875206709e-05
3.370000000000000000e+03 5.254661300568841398e-05
3.380000000000000000e+03 6.645281973760575056e-05
3.390000000000000000e+03 8.350320422323420644e-05
3.400000000000000000e+03 1.041369978338479996e-04
3.410000000000000000e+03 1.294656540267169476e-04
3.420000000000000000e+03 1.616900699445977807e-04
3.430000000000000000e+03 2.037212543655186892e-04
3.440000000000000000e+03 2.586330519989132881e-04
3.450000000000000000e+03 3.296620852779597044e-04
3.460000000000000000e+03 4.202933632768690586e-04
3.470000000000000000e+03 5.345273530110716820e-04
3.480000000000000000e+03 6.766407168470323086e-04
3.490000000000000000e+03 8.511035121046006680e-04
3.500000000000000000e+03 1.062579103745520115e-03
3.510000000000000000e+03 1.319266390055418015e-03
3.520000000000000000e+03 1.632614876143634319e-03
3.530000000000000000e+03 2.017489401623606682e-03
3.540000000000000000e+03 2.489502076059579849e-03
3.550000000000000000e+03 3.065011929720640182e-03
3.560000000000000000e+03 3.760519670322537422e-03
3.570000000000000000e+03 4.590777680277824402e-03
3.580000000000000000e+03 5.570491775870323181e-03
3.590000000000000000e+03 6.714908406138420105e-03
3.600000000000000000e+03 8.039815351366996765e-03
3.610000000000000000e+03 9.641504846513271332e-03
3.620000000000000000e+03 1.148932706564664841e-02
3.630000000000000000e+03 1.361194252967834473e-02
3.640000000000000000e+03 1.603941060602664948e-02
3.650000000000000000e+03 1.880317926406860352e-02
3.660000000000000000e+03 2.193166874349117279e-02
3.670000000000000000e+03 2.543630450963973999e-02
3.680000000000000000e+03 2.932361140847206116e-02
3.690000000000000000e+03 3.359945863485336304e-02
3.700000000000000000e+03 3.826905786991119385e-02
3.710000000000000000e+03 4.377874359488487244e-02
3.720000000000000000e+03 4.980196431279182434e-02
3.730000000000000000e+03 5.636837333440780640e-02
3.740000000000000000e+03 6.350843608379364014e-02
3.750000000000000000e+03 7.125346362590789795e-02
3.760000000000000000e+03 7.962592691183090210e-02
3.770000000000000000e+03 8.860864490270614624e-02
3.780000000000000000e+03 9.817048907279968262e-02
3.790000000000000000e+03 1.082755625247955322e-01
3.800000000000000000e+03 1.188832223415374756e-01
3.810000000000000000e+03 1.300080269575119019e-01
3.820000000000000000e+03 1.415545642375946045e-01
3.830000000000000000e+03 1.534754931926727295e-01
3.840000000000000000e+03 1.657191812992095947e-01
3.850000000000000000e+03 1.782297492027282715e-01
3.860000000000000000e+03 1.902600377798080444e-01
3.870000000000000000e+03 2.016274333000183105e-01
3.880000000000000000e+03 2.123605459928512573e-01
3.890000000000000000e+03 2.224945276975631714e-01
3.900000000000000000e+03 2.320712506771087646e-01
3.910000000000000000e+03 2.411389946937561035e-01
3.920000000000000000e+03 2.497528344392776489e-01
3.930000000000000000e+03 2.579742372035980225e-01
3.940000000000000000e+03 2.658714354038238525e-01
3.950000000000000000e+03 2.735190987586975098e-01
3.960000000000000000e+03 2.809986472129821777e-01
3.970000000000000000e+03 2.883979976177215576e-01
3.980000000000000000e+03 2.958115935325622559e-01
3.990000000000000000e+03 3.033406436443328857e-01
4.000000000000000000e+03 3.110927939414978027e-01
4.010000000000000000e+03 3.179249167442321777e-01
4.020000000000000000e+03 3.250404000282287598e-01
4.030000000000000000e+03 3.324083387851715088e-01
4.040000000000000000e+03 3.399961292743682861e-01
4.050000000000000000e+03 3.477694690227508545e-01
4.060000000000000000e+03 3.556924164295196533e-01
4.070000000000000000e+03 3.637272119522094727e-01
4.080000000000000000e+03 3.718344867229461670e-01
4.090000000000000000e+03 3.799731731414794922e-01
4.100000000000000000e+03 3.881004452705383301e-01
4.110000000000000000e+03 3.961718380451202393e-01
4.120000000000000000e+03 4.041411578655242920e-01
4.130000000000000000e+03 4.119620323181152344e-01
4.140000000000000000e+03 4.196209907531738281e-01
4.150000000000000000e+03 4.271391928195953369e-01
4.160000000000000000e+03 4.345404505729675293e-01
4.170000000000000000e+03 4.418497979640960693e-01
4.180000000000000000e+03 4.490934312343597412e-01
4.190000000000000000e+03 4.562986493110656738e-01
4.200000000000000000e+03 4.634940326213836670e-01
4.210000000000000000e+03 4.692296087741851807e-01
4.220000000000000000e+03 4.749979376792907715e-01
4.230000000000000000e+03 4.808308184146881104e-01
4.240000000000000000e+03 4.867607355117797852e-01
4.250000000000000000e+03 4.928210675716400146e-01
4.260000000000000000e+03 4.990368187427520752e-01
4.270000000000000000e+03 5.053969621658325195e-01
4.280000000000000000e+03 5.118808746337890625e-01
4.290000000000000000e+03 5.184674263000488281e-01
4.300000000000000000e+03 5.251351594924926758e-01
4.310000000000000000e+03 5.318616628646850586e-01
4.320000000000000000e+03 5.386244058609008789e-01
4.330000000000000000e+03 5.454000830650329590e-01
4.340000000000000000e+03 5.521649122238159180e-01
4.350000000000000000e+03 5.588946938514709473e-01
4.360000000000000000e+03 5.655644536018371582e-01
4.370000000000000000e+03 5.721488595008850098e-01
4.380000000000000000e+03 5.786227583885192871e-01
4.390000000000000000e+03 5.849735736846923828e-01
4.400000000000000000e+03 5.912021398544311523e-01
4.410000000000000000e+03 5.962517261505126953e-01
4.420000000000000000e+03 6.011727452278137207e-01
4.430000000000000000e+03 6.059675216674804688e-01
4.440000000000000000e+03 6.106386184692382812e-01
4.450000000000000000e+03 6.151887178421020508e-01
4.460000000000000000e+03 6.196203231811523438e-01
4.470000000000000000e+03 6.239361166954040527e-01
4.480000000000000000e+03 6.281390190124511719e-01
4.490000000000000000e+03 6.322317719459533691e-01
4.500000000000000000e+03 6.362172365188598633e-01
4.510000000000000000e+03 6.400996446609497070e-01
4.520000000000000000e+03 6.438882350921630859e-01
4.530000000000000000e+03 6.475938558578491211e-01
4.540000000000000000e+03 6.512272953987121582e-01
4.550000000000000000e+03 6.547995805740356445e-01
4.560000000000000000e+03 6.583219170570373535e-01
4.570000000000000000e+03 6.618058085441589355e-01
4.580000000000000000e+03 6.652627587318420410e-01
4.590000000000000000e+03 6.687045097351074219e-01
4.600000000000000000e+03 6.721428036689758301e-01
4.610000000000000000e+03 6.749634146690368652e-01
4.620000000000000000e+03 6.778028607368469238e-01
4.630000000000000000e+03 6.806733608245849609e-01
4.640000000000000000e+03 6.835827827453613281e-01
4.650000000000000000e+03 6.865344643592834473e-01
4.660000000000000000e+03 6.895316839218139648e-01
4.670000000000000000e+03 6.925778388977050781e-01
4.680000000000000000e+03 6.956761479377746582e-01
4.690000000000000000e+03 6.988300085067749023e-01
4.700000000000000000e+03 7.020428776741027832e-01
4.710000000000000000e+03 7.053180932998657227e-01
4.720000000000000000e+03 7.086591124534606934e-01
4.730000000000000000e+03 7.120695114135742188e-01
4.740000000000000000e+03 7.155526876449584961e-01
4.750000000000000000e+03 7.191121578216552734e-01
4.760000000000000000e+03 7.227507233619689941e-01
4.770000000000000000e+03 7.264674901962280273e-01
4.780000000000000000e+03 7.302607893943786621e-01
4.790000000000000000e+03 7.341287732124328613e-01
4.800000000000000000e+03 7.380697727203369141e-01
4.810000000000000000e+03 7.414612770080566406e-01
4.820000000000000000e+03 7.449184060096740723e-01
4.830000000000000000e+03 7.484390139579772949e-01
4.840000000000000000e+03 7.520211935043334961e-01
4.850000000000000000e+03 7.556629776954650879e-01
4.860000000000000000e+03 7.593622803688049316e-01
4.870000000000000000e+03 7.631170153617858887e-01
4.880000000000000000e+03 7.669250965118408203e-01
4.890000000000000000e+03 7.707798480987548828e-01
4.900000000000000000e+03 7.746704220771789551e-01
4.910000000000000000e+03 7.785856127738952637e-01
4.920000000000000000e+03 7.825142741203308105e-01
4.930000000000000000e+03 7.864450812339782715e-01
4.940000000000000000e+03 7.903667092323303223e-01
4.950000000000000000e+03 7.942675948143005371e-01
4.960000000000000000e+03 7.981364727020263672e-01
4.970000000000000000e+03 8.019614815711975098e-01
4.980000000000000000e+03 8.057312369346618652e-01
4.990000000000000000e+03 8.094337582588195801e-01
5.000000000000000000e+03 8.130574822425842285e-01
5.010000000000000000e+03 8.161488175392150879e-01
5.020000000000000000e+03 8.191504478454589844e-01
5.030000000000000000e+03 8.220660090446472168e-01
5.040000000000000000e+03 8.248990178108215332e-01
5.050000000000000000e+03 8.276531100273132324e-01
5.060000000000000000e+03 8.303318619728088379e-01
5.070000000000000000e+03 8.329390287399291992e-01
5.080000000000000000e+03 8.354781866073608398e-01
5.090000000000000000e+03 8.379529714584350586e-01
5.100000000000000000e+03 8.403671979904174805e-01
5.110000000000000000e+03 8.427243828773498535e-01
5.120000000000000000e+03 8.450284004211425781e-01
5.130000000000000000e+03 8.472827672958374023e-01
5.140000000000000000e+03 8.494873642921447754e-01
5.150000000000000000e+03 8.516385555267333984e-01
5.160000000000000000e+03 8.537324070930480957e-01
5.170000000000000000e+03 8.557649254798889160e-01
5.180000000000000000e+03 8.577322959899902344e-01
5.190000000000000000e+03 8.596305251121520996e-01
5.200000000000000000e+03 8.614555597305297852e-01
5.210000000000000000e+03 8.627954125404357910e-01
5.220000000000000000e+03 8.640534281730651855e-01
5.230000000000000000e+03 8.652256131172180176e-01
5.240000000000000000e+03 8.663082122802734375e-01
5.250000000000000000e+03 8.672972917556762695e-01
5.260000000000000000e+03 8.681901097297668457e-01
5.270000000000000000e+03 8.689894080162048340e-01
5.280000000000000000e+03 8.696989417076110840e-01
5.290000000000000000e+03 8.703227043151855469e-01
5.300000000000000000e+03 8.708643913269042969e-01
5.310000000000000000e+03 8.713281154632568359e-01
5.320000000000000000e+03 8.717175126075744629e-01
5.330000000000000000e+03 8.720366954803466797e-01
5.340000000000000000e+03 8.722895383834838867e-01
5.350000000000000000e+03 8.724797964096069336e-01
5.360000000000000000e+03 8.726117014884948730e-01
5.370000000000000000e+03 8.726890087127685547e-01
5.380000000000000000e+03 8.727156519889831543e-01
5.390000000000000000e+03 8.726964592933654785e-01
5.400000000000000000e+03 8.726365566253662109e-01
5.410000000000000000e+03 8.721950650215148926e-01
5.420000000000000000e+03 8.717242479324340820e-01
5.430000000000000000e+03 8.712294101715087891e-01
5.440000000000000000e+03 8.707159757614135742e-01
5.450000000000000000e+03 8.701893687248229980e-01
5.460000000000000000e+03 8.696551322937011719e-01
5.470000000000000000e+03 8.691186308860778809e-01
5.480000000000000000e+03 8.685852289199829102e-01
5.490000000000000000e+03 8.680604696273803711e-01
5.500000000000000000e+03 8.675497174263000488e-01
5.510000000000000000e+03 8.670575022697448730e-01
5.520000000000000000e+03 8.665845394134521484e-01
5.530000000000000000e+03 8.661305308341979980e-01
5.540000000000000000e+03 8.656953573226928711e-01
5.550000000000000000e+03 8.652786612510681152e-01
5.560000000000000000e+03 8.648802638053894043e-01
5.570000000000000000e+03 8.644999861717224121e-01
5.580000000000000000e+03 8.641374707221984863e-01
5.590000000000000000e+03 8.637924790382385254e-01
5.600000000000000000e+03 8.634648919105529785e-01
5.610000000000000000e+03 8.630049824714660645e-01
5.620000000000000000e+03 8.625620603561401367e-01
5.630000000000000000e+03 8.621359467506408691e-01
5.640000000000000000e+03 8.617268204689025879e-01
5.650000000000000000e+03 8.613353967666625977e-01
5.660000000000000000e+03 8.609623312950134277e-01
5.670000000000000000e+03 8.606082201004028320e-01
5.680000000000000000e+03 8.602740168571472168e-01
5.690000000000000000e+03 8.599602580070495605e-01
5.700000000000000000e+03 8.596676588058471680e-01
5.710000000000000000e+03 8.593969345092773438e-01
5.720000000000000000e+03 8.591487407684326172e-01
5.730000000000000000e+03 8.589238524436950684e-01
5.740000000000000000e+03 8.587228059768676758e-01
5.750000000000000000e+03 8.585463762283325195e-01
5.760000000000000000e+03 8.583949804306030273e-01
5.770000000000000000e+03 8.582672476768493652e-01
5.780000000000000000e+03 8.581613302230834961e-01
5.790000000000000000e+03 8.580757379531860352e-01
5.800000000000000000e+03 8.580086231231689453e-01
5.810000000000000000e+03 8.575373888015747070e-01
5.820000000000000000e+03 8.570812940597534180e-01
5.830000000000000000e+03 8.566386103630065918e-01
5.840000000000000000e+03 8.562075495719909668e-01
5.850000000000000000e+03 8.557864427566528320e-01
5.860000000000000000e+03 8.553735613822937012e-01
5.870000000000000000e+03 8.549672961235046387e-01
5.880000000000000000e+03 8.545659184455871582e-01
5.890000000000000000e+03 8.541693091392517090e-01
5.900000000000000000e+03 8.537789583206176758e-01
5.910000000000000000e+03 8.533962368965148926e-01
5.920000000000000000e+03 8.530227541923522949e-01
5.930000000000000000e+03 8.526600003242492676e-01
5.940000000000000000e+03 8.523092269897460938e-01
5.950000000000000000e+03 8.519720435142517090e-01
5.960000000000000000e+03 8.516499400138854980e-01
5.970000000000000000e+03 8.513443470001220703e-01
5.980000000000000000e+03 8.510566949844360352e-01
5.990000000000000000e+03 8.507884740829467773e-01
6.000000000000000000e+03 8.505411744117736816e-01
6.010000000000000000e+03 8.503246307373046875e-01
6.020000000000000000e+03 8.501243591308593750e-01
6.030000000000000000e+03 8.499345779418945312e-01
6.040000000000000000e+03 8.497491478919982910e-01
6.050000000000000000e+03 8.495621085166931152e-01
6.060000000000000000e+03 8.493676781654357910e-01
6.070000000000000000e+03 8.491597771644592285e-01
6.080000000000000000e+03 8.489326834678649902e-01
6.090000000000000000e+03 8.486803770065307617e-01
6.100000000000000000e+03 8.483968973159790039e-01
6.110000000000000000e+03 8.480765819549560547e-01
6.120000000000000000e+03 8.477135300636291504e-01
6.130000000000000000e+03 8.473019003868103027e-01
6.140000000000000000e+03 8.468403816223144531e-01
6.150000000000000000e+03 8.463315963745117188e-01
6.160000000000000000e+03 8.457782864570617676e-01
6.170000000000000000e+03 8.451833128929138184e-01
6.180000000000000000e+03 8.445492982864379883e-01
6.190000000000000000e+03 8.438793420791625977e-01
6.200000000000000000e+03 8.431760072708129883e-01
6.210000000000000000e+03 8.420054316520690918e-01
6.220000000000000000e+03 8.408074378967285156e-01
6.230000000000000000e+03 8.395847082138061523e-01
6.240000000000000000e+03 8.383401632308959961e-01
6.250000000000000000e+03 8.370765447616577148e-01
6.260000000000000000e+03 8.357957601547241211e-01
6.270000000000000000e+03 8.344959020614624023e-01
6.280000000000000000e+03 8.331744670867919922e-01
6.290000000000000000e+03 8.318285942077636719e-01
6.300000000000000000e+03 8.304557800292968750e-01
6.310000000000000000e+03 8.290532231330871582e-01
6.320000000000000000e+03 8.276183605194091797e-01
6.330000000000000000e+03 8.261486887931823730e-01
6.340000000000000000e+03 8.246414661407470703e-01
6.350000000000000000e+03 8.230940103530883789e-01
6.360000000000000000e+03 8.215039372444152832e-01
6.370000000000000000e+03 8.198685050010681152e-01
6.380000000000000000e+03 8.181854486465454102e-01
6.390000000000000000e+03 8.164557218551635742e-01
6.400000000000000000e+03 8.146840333938598633e-01
6.410000000000000000e+03 8.125984668731689453e-01
6.420000000000000000e+03 8.104811310768127441e-01
6.430000000000000000e+03 8.083366155624389648e-01
6.440000000000000000e+03 8.061697483062744141e-01
6.450000000000000000e+03 8.039851784706115723e-01
6.460000000000000000e+03 8.017875552177429199e-01
6.470000000000000000e+03 7.995817065238952637e-01
6.480000000000000000e+03 7.973719239234924316e-01
6.490000000000000000e+03 7.951630353927612305e-01
6.500000000000000000e+03 7.929595112800598145e-01
6.510000000000000000e+03 7.907651662826538086e-01
6.520000000000000000e+03 7.885805964469909668e-01
6.530000000000000000e+03 7.864056229591369629e-01
6.540000000000000000e+03 7.842401862144470215e-01
6.550000000000000000e+03 7.820841670036315918e-01
6.560000000000000000e+03 7.799373865127563477e-01
6.570000000000000000e+03 7.777997851371765137e-01
6.580000000000000000e+03 7.756711244583129883e-01
6.590000000000000000e+03 7.735513448715209961e-01
6.600000000000000000e+03 7.714402675628662109e-01
6.610000000000000000e+03 7.689569592475891113e-01
6.620000000000000000e+03 7.664830088615417480e-01
6.630000000000000000e+03 7.640185356140136719e-01
6.640000000000000000e+03 7.615640759468078613e-01
6.650000000000000000e+03 7.591214776039123535e-01
6.660000000000000000e+03 7.566924691200256348e-01
6.670000000000000000e+03 7.542787194252014160e-01
6.680000000000000000e+03 7.518818378448486328e-01
6.690000000000000000e+03 7.495036125183105469e-01
6.700000000000000000e+03 7.471456527709960938e-01
6.710000000000000000e+03 7.448096871376037598e-01
6.720000000000000000e+03 7.424972057342529297e-01
6.730000000000000000e+03 7.402098774909973145e-01
6.740000000000000000e+03 7.379493713378906250e-01
6.750000000000000000e+03 7.357171773910522461e-01
6.760000000000000000e+03 7.335139513015747070e-01
6.770000000000000000e+03 7.313365936279296875e-01
6.780000000000000000e+03 7.291808724403381348e-01
6.790000000000000000e+03 7.270428538322448730e-01
6.800000000000000000e+03 7.249183654785156250e-01
6.810000000000000000e+03 7.225164175033569336e-01
6.820000000000000000e+03 7.201206684112548828e-01
6.830000000000000000e+03 7.177270650863647461e-01
6.840000000000000000e+03 7.153316736221313477e-01
6.850000000000000000e+03 7.129306793212890625e-01
6.860000000000000000e+03 7.105203270912170410e-01
6.870000000000000000e+03 7.080966830253601074e-01
6.880000000000000000e+03 7.056562304496765137e-01
6.890000000000000000e+03 7.031984925270080566e-01
6.900000000000000000e+03 7.007263302803039551e-01
6.910000000000000000e+03 6.982425451278686523e-01
6.920000000000000000e+03 6.957499980926513672e-01
6.930000000000000000e+03 6.932514905929565430e-01
6.940000000000000000e+03 6.907498240470886230e-01
6.950000000000000000e+03 6.882477402687072754e-01
6.960000000000000000e+03 6.857479214668273926e-01
6.970000000000000000e+03 6.832532286643981934e-01
6.980000000000000000e+03 6.807661056518554688e-01
6.990000000000000000e+03 6.782894134521484375e-01
7.000000000000000000e+03 6.758256554603576660e-01
7.010000000000000000e+03 6.734119653701782227e-01
7.020000000000000000e+03 6.710137724876403809e-01
7.030000000000000000e+03 6.686311364173889160e-01
7.040000000000000000e+03 6.662641167640686035e-01
7.050000000000000000e+03 6.639127731323242188e-01
7.060000000000000000e+03 6.615771055221557617e-01
7.070000000000000000e+03 6.592571139335632324e-01
7.080000000000000000e+03 6.569528579711914062e-01
7.090000000000000000e+03 6.546643972396850586e-01
7.100000000000000000e+03 6.523917913436889648e-01
7.110000000000000000e+03 6.501349210739135742e-01
7.120000000000000000e+03 6.478940248489379883e-01
7.130000000000000000e+03 6.456689834594726562e-01
7.140000000000000000e+03 6.434597373008728027e-01
7.150000000000000000e+03 6.412662267684936523e-01
7.160000000000000000e+03 6.390882730484008789e-01
7.170000000000000000e+03 6.369258165359497070e-01
7.180000000000000000e+03 6.347785592079162598e-01
7.190000000000000000e+03 6.326465010643005371e-01
7.200000000000000000e+03 6.305294632911682129e-01
7.210000000000000000e+03 6.285864114761352539e-01
7.220000000000000000e+03 6.266578435897827148e-01
7.230000000000000000e+03 6.247437596321105957e-01
7.240000000000000000e+03 6.228440403938293457e-01
7.250000000000000000e+03 6.209584474563598633e-01
7.260000000000000000e+03 6.190873384475708008e-01
7.270000000000000000e+03 6.172326803207397461e-01
7.280000000000000000e+03 6.153968572616577148e-01
7.290000000000000000e+03 6.135823726654052734e-01
7.300000000000000000e+03 6.117913722991943359e-01
7.310000000000000000e+03 6.100262999534606934e-01
7.320000000000000000e+03 6.082893610000610352e-01
7.330000000000000000e+03 6.065829396247863770e-01
7.340000000000000000e+03 6.049092411994934082e-01
7.350000000000000000e+03 6.032704114913940430e-01
7.360000000000000000e+03 6.016687154769897461e-01
7.370000000000000000e+03 6.001062393188476562e-01
7.380000000000000000e+03 5.985852479934692383e-01
7.390000000000000000e+03 5.971059203147888184e-01
7.400000000000000000e+03 5.956668853759765625e-01
7.410000000000000000e+03 5.938833951950073242e-01
7.420000000000000000e+03 5.921372771263122559e-01
7.430000000000000000e+03 5.904271006584167480e-01
7.440000000000000000e+03 5.887514352798461914e-01
7.450000000000000000e+03 5.871088504791259766e-01
7.460000000000000000e+03 5.854979157447814941e-01
7.470000000000000000e+03 5.839173197746276855e-01
7.480000000000000000e+03 5.823656320571899414e-01
7.490000000000000000e+03 5.808414816856384277e-01
7.500000000000000000e+03 5.793434977531433105e-01
7.510000000000000000e+03 5.778699517250061035e-01
7.520000000000000000e+03 5.764178037643432617e-01
7.530000000000000000e+03 5.749836564064025879e-01
7.540000000000000000e+03 5.735640525817871094e-01
7.550000000000000000e+03 5.721556544303894043e-01
7.560000000000000000e+03 5.707551836967468262e-01
7.570000000000000000e+03 5.693593025207519531e-01
7.580000000000000000e+03 5.679649114608764648e-01
7.590000000000000000e+03 5.665687918663024902e-01
7.600000000000000000e+03 5.651678442955017090e-01
7.610000000000000000e+03 5.638118982315063477e-01
7.620000000000000000e+03 5.624451041221618652e-01
7.630000000000000000e+03 5.610646009445190430e-01
7.640000000000000000e+03 5.596714615821838379e-01
7.650000000000000000e+03 5.582707524299621582e-01
7.660000000000000000e+03 5.568677783012390137e-01
7.670000000000000000e+03 5.554675459861755371e-01
7.680000000000000000e+03 5.540751814842224121e-01
7.690000000000000000e+03 5.526956319808959961e-01
7.700000000000000000e+03 5.513337254524230957e-01
7.710000000000000000e+03 5.499944090843200684e-01
7.720000000000000000e+03 5.486823916435241699e-01
7.730000000000000000e+03 5.474024415016174316e-01
7.740000000000000000e+03 5.461590886116027832e-01
7.750000000000000000e+03 5.449569821357727051e-01
7.760000000000000000e+03 5.437986850738525391e-01
7.770000000000000000e+03 5.426794290542602539e-01
7.780000000000000000e+03 5.415925383567810059e-01
7.790000000000000000e+03 5.405315756797790527e-01
7.800000000000000000e+03 5.394901633262634277e-01
7.810000000000000000e+03 5.379324555397033691e-01
7.820000000000000000e+03 5.363798141479492188e-01
7.830000000000000000e+03 5.348261594772338867e-01
7.840000000000000000e+03 5.332652926445007324e-01
7.850000000000000000e+03 5.316913127899169922e-01
7.860000000000000000e+03 5.300983190536499023e-01
7.870000000000000000e+03 5.284804701805114746e-01
7.880000000000000000e+03 5.268324613571166992e-01
7.890000000000000000e+03 5.251525044441223145e-01
7.900000000000000000e+03 5.234427452087402344e-01
7.910000000000000000e+03 5.217053890228271484e-01
7.920000000000000000e+03 5.199425220489501953e-01
7.930000000000000000e+03 5.181563496589660645e-01
7.940000000000000000e+03 5.163490176200866699e-01
7.950000000000000000e+03 5.145224928855895996e-01
7.960000000000000000e+03 5.126788020133972168e-01
7.970000000000000000e+03 5.108200311660766602e-01
7.980000000000000000e+03 5.089480876922607422e-01
7.990000000000000000e+03 5.070648789405822754e-01
8.000000000000000000e+03 5.051723122596740723e-01
8.010000000000000000e+03 5.035879611968994141e-01
8.020000000000000000e+03 5.019963383674621582e-01
8.030000000000000000e+03 5.003970861434936523e-01
8.040000000000000000e+03 4.987898468971252441e-01
8.050000000000000000e+03 4.971741735935211182e-01
8.060000000000000000e+03 4.955496191978454590e-01
8.070000000000000000e+03 4.939158260822296143e-01
8.080000000000000000e+03 4.922723472118377686e-01
8.090000000000000000e+03 4.906189143657684326e-01
8.100000000000000000e+03 4.889550209045410156e-01
8.110000000000000000e+03 4.872803092002868652e-01
8.120000000000000000e+03 4.855945706367492676e-01
8.130000000000000000e+03 4.838974177837371826e-01
8.140000000000000000e+03 4.821895062923431396e-01
8.150000000000000000e+03 4.804726243019104004e-01
8.160000000000000000e+03 4.787484109401702881e-01
8.170000000000000000e+03 4.770186245441436768e-01
8.180000000000000000e+03 4.752848446369171143e-01
8.190000000000000000e+03 4.735486805438995361e-01
8.200000000000000000e+03 4.718118607997894287e-01
8.210000000000000000e+03 4.695941507816314697e-01
8.220000000000000000e+03 4.673777520656585693e-01
8.230000000000000000e+03 4.651640951633453369e-01
8.240000000000000000e+03 4.629546701908111572e-01
8.250000000000000000e+03 4.607508480548858643e-01
8.260000000000000000e+03 4.585526883602142334e-01
8.270000000000000000e+03 4.563555419445037842e-01
8.280000000000000000e+03 4.541532993316650391e-01
8.290000000000000000e+03 4.519402682781219482e-01
8.300000000000000000e+03 4.497107565402984619e-01
8.310000000000000000e+03 4.474592804908752441e-01
8.320000000000000000e+03 4.451803863048553467e-01
8.330000000000000000e+03 4.428689479827880859e-01
8.340000000000000000e+03 4.405198097229003906e-01
8.350000000000000000e+03 4.381280541419982910e-01
8.360000000000000000e+03 4.356888234615325928e-01
8.370000000000000000e+03 4.331974983215332031e-01
8.380000000000000000e+03 4.306498467922210693e-01
8.390000000000000000e+03 4.280491769313812256e-01
8.400000000000000000e+03 4.254059791564941406e-01
8.410000000000000000e+03 4.229793846607208252e-01
8.420000000000000000e+03 4.205314517021179199e-01
8.430000000000000000e+03 4.180721640586853027e-01
8.440000000000000000e+03 4.156114161014556885e-01
8.450000000000000000e+03 4.131588637828826904e-01
8.460000000000000000e+03 4.107238650321960449e-01
8.470000000000000000e+03 4.083155393600463867e-01
8.480000000000000000e+03 4.059428572654724121e-01
8.490000000000000000e+03 4.036144614219665527e-01
8.500000000000000000e+03 4.013388752937316895e-01
8.510000000000000000e+03 3.991212248802185059e-01
8.520000000000000000e+03 3.969549536705017090e-01
8.530000000000000000e+03 3.948306441307067871e-01
8.540000000000000000e+03 3.927390277385711670e-01
8.550000000000000000e+03 3.906712532043457031e-01
8.560000000000000000e+03 3.886184394359588623e-01
8.570000000000000000e+03 3.865720629692077637e-01
8.580000000000000000e+03 3.845238685607910156e-01
8.590000000000000000e+03 3.824656009674072266e-01
8.600000000000000000e+03 3.803894221782684326e-01
8.610000000000000000e+03 3.780559599399566650e-01
8.620000000000000000e+03 3.756888508796691895e-01
8.630000000000000000e+03 3.732811808586120605e-01
8.640000000000000000e+03 3.708319664001464844e-01
8.650000000000000000e+03 3.683459162712097168e-01
8.660000000000000000e+03 3.658279776573181152e-01
8.670000000000000000e+03 3.632828295230865479e-01
8.680000000000000000e+03 3.607151508331298828e-01
8.690000000000000000e+03 3.581293821334838867e-01
8.700000000000000000e+03 3.555299341678619385e-01
8.710000000000000000e+03 3.529210686683654785e-01
8.720000000000000000e+03 3.503068685531616211e-01
8.730000000000000000e+03 3.476913273334503174e-01
8.740000000000000000e+03 3.450783193111419678e-01
8.750000000000000000e+03 3.424715399742126465e-01
8.760000000000000000e+03 3.398733735084533691e-01
8.770000000000000000e+03 3.372811377048492432e-01
8.780000000000000000e+03 3.346911072731018066e-01
8.790000000000000000e+03 3.320995867252349854e-01
8.800000000000000000e+03 3.295030593872070312e-01
8.810000000000000000e+03 3.264296948909759521e-01
8.820000000000000000e+03 3.233439326286315918e-01
8.830000000000000000e+03 3.202426135540008545e-01
8.840000000000000000e+03 3.171227872371673584e-01
8.850000000000000000e+03 3.139815926551818848e-01
8.860000000000000000e+03 3.108163475990295410e-01
8.870000000000000000e+03 3.076243698596954346e-01
8.880000000000000000e+03 3.044034540653228760e-01
8.890000000000000000e+03 3.011546730995178223e-01
8.900000000000000000e+03 2.978823482990264893e-01
8.910000000000000000e+03 2.945908308029174805e-01
8.920000000000000000e+03 2.912842631340026855e-01
8.930000000000000000e+03 2.879666388034820557e-01
8.940000000000000000e+03 2.846417725086212158e-01
8.950000000000000000e+03 2.813133597373962402e-01
8.960000000000000000e+03 2.779849767684936523e-01
8.970000000000000000e+03 2.746598124504089355e-01
8.980000000000000000e+03 2.713411748409271240e-01
8.990000000000000000e+03 2.680320441722869873e-01
9.000000000000000000e+03 2.647352814674377441e-01
9.010000000000000000e+03 2.621057331562042236e-01
9.020000000000000000e+03 2.594888210296630859e-01
9.030000000000000000e+03 2.568820118904113770e-01
9.040000000000000000e+03 2.542828321456909180e-01
9.050000000000000000e+03 2.516889274120330811e-01
9.060000000000000000e+03 2.490980625152587891e-01
9.070000000000000000e+03 2.465080618858337402e-01
9.080000000000000000e+03 2.439167499542236328e-01
9.090000000000000000e+03 2.413221746683120728e-01
9.100000000000000000e+03 2.387224137783050537e-01
9.110000000000000000e+03 2.361156344413757324e-01
9.120000000000000000e+03 2.335001081228256226e-01
9.130000000000000000e+03 2.308742105960845947e-01
9.140000000000000000e+03 2.282379567623138428e-01
9.150000000000000000e+03 2.255928665399551392e-01
9.160000000000000000e+03 2.229404151439666748e-01
9.170000000000000000e+03 2.202820479869842529e-01
9.180000000000000000e+03 2.176191508769989014e-01
9.190000000000000000e+03 2.149530649185180664e-01
9.200000000000000000e+03 2.122850418090820312e-01
9.210000000000000000e+03 2.098746597766876221e-01
9.220000000000000000e+03 2.074647247791290283e-01
9.230000000000000000e+03 2.050563246011734009e-01
9.240000000000000000e+03 2.026505470275878906e-01
9.250000000000000000e+03 2.002483606338500977e-01
9.260000000000000000e+03 1.978504210710525513e-01
9.270000000000000000e+03 1.954562962055206299e-01
9.280000000000000000e+03 1.930652856826782227e-01
9.290000000000000000e+03 1.906766891479492188e-01
9.300000000000000000e+03 1.882898807525634766e-01
9.310000000000000000e+03 1.859042346477508545e-01
9.320000000000000000e+03 1.835191398859024048e-01
9.330000000000000000e+03 1.811340302228927612e-01
9.340000000000000000e+03 1.787483841180801392e-01
9.350000000000000000e+03 1.763616651296615601e-01
9.360000000000000000e+03 1.739733964204788208e-01
9.370000000000000000e+03 1.715831309556961060e-01
9.380000000000000000e+03 1.691904366016387939e-01
9.390000000000000000e+03 1.667953133583068848e-01
9.400000000000000000e+03 1.643980890512466431e-01
9.410000000000000000e+03 1.624481230974197388e-01
9.420000000000000000e+03 1.604969352483749390e-01
9.430000000000000000e+03 1.585448533296585083e-01
9.440000000000000000e+03 1.565921604633331299e-01
9.450000000000000000e+03 1.546391546726226807e-01
9.460000000000000000e+03 1.526861041784286499e-01
9.470000000000000000e+03 1.507332772016525269e-01
9.480000000000000000e+03 1.487809121608734131e-01
9.490000000000000000e+03 1.468292325735092163e-01
9.500000000000000000e+03 1.448784768581390381e-01
9.510000000000000000e+03 1.429287046194076538e-01
9.520000000000000000e+03 1.409796029329299927e-01
9.530000000000000000e+03 1.390307694673538208e-01
9.540000000000000000e+03 1.370817422866821289e-01
9.550000000000000000e+03 1.351321935653686523e-01
9.560000000000000000e+03 1.331817656755447388e-01
9.570000000000000000e+03 1.312300860881805420e-01
9.580000000000000000e+03 1.292768418788909912e-01
9.590000000000000000e+03 1.273217797279357910e-01
9.600000000000000000e+03 1.253645420074462891e-01
9.610000000000000000e+03 1.237273365259170532e-01
9.620000000000000000e+03 1.220876276493072510e-01
9.630000000000000000e+03 1.204452142119407654e-01
9.640000000000000000e+03 1.188002005219459534e-01
9.650000000000000000e+03 1.171530336141586304e-01
9.660000000000000000e+03 1.155041530728340149e-01
9.670000000000000000e+03 1.138539612293243408e-01
9.680000000000000000e+03 1.122028529644012451e-01
9.690000000000000000e+03 1.105511933565139771e-01
9.700000000000000000e+03 1.088993400335311890e-01
9.710000000000000000e+03 1.072476133704185486e-01
9.720000000000000000e+03 1.055963113903999329e-01
9.730000000000000000e+03 1.039457321166992188e-01
9.740000000000000000e+03 1.022961214184761047e-01
9.750000000000000000e+03 1.006477400660514832e-01
9.760000000000000000e+03 9.900070726871490479e-02
9.770000000000000000e+03 9.735478460788726807e-02
9.780000000000000000e+03 9.570966660976409912e-02
9.790000000000000000e+03 9.406504034996032715e-02
9.800000000000000000e+03 9.242063760757446289e-02
9.810000000000000000e+03 9.103664010763168335e-02
9.820000000000000000e+03 8.965250104665756226e-02
9.830000000000000000e+03 8.826798945665359497e-02
9.840000000000000000e+03 8.688288927078247070e-02
9.850000000000000000e+03 8.549697697162628174e-02
9.860000000000000000e+03 8.411006629467010498e-02
9.870000000000000000e+03 8.272197097539901733e-02
9.880000000000000000e+03 8.133253455162048340e-02
9.890000000000000000e+03 7.994168251752853394e-02
9.900000000000000000e+03 7.854945212602615356e-02
9.910000000000000000e+03 7.715588808059692383e-02
9.920000000000000000e+03 7.576102763414382935e-02
9.930000000000000000e+03 7.436490058898925781e-02
9.940000000000000000e+03 7.296755164861679077e-02
9.950000000000000000e+03 7.156901061534881592e-02
9.960000000000000000e+03 7.016931474208831787e-02
9.970000000000000000e+03 6.876849383115768433e-02
9.980000000000000000e+03 6.736658513545989990e-02
9.990000000000000000e+03 6.596361845731735229e-02
1.000000000000000000e+04 6.455962359905242920e-02
1.001000000000000000e+04 6.339180469512939453e-02
1.002000000000000000e+04 6.222314015030860901e-02
1.003000000000000000e+04 6.105367094278335571e-02
1.004000000000000000e+04 5.988341569900512695e-02
1.005000000000000000e+04 5.871241539716720581e-02
1.006000000000000000e+04 5.754069611430168152e-02
1.007000000000000000e+04 5.636828392744064331e-02
1.008000000000000000e+04 5.519520491361618042e-02
1.009000000000000000e+04 5.402148514986038208e-02
1.010000000000000000e+04 5.284714326262474060e-02
1.011000000000000000e+04 5.167220905423164368e-02
1.012000000000000000e+04 5.049668997526168823e-02
1.013000000000000000e+04 4.932061582803726196e-02
1.014000000000000000e+04 4.814398288726806641e-02
1.015000000000000000e+04 4.696678742766380310e-02
1.016000000000000000e+04 4.578902199864387512e-02
1.017000000000000000e+04 4.461068660020828247e-02
1.018000000000000000e+04 4.343176633119583130e-02
1.019000000000000000e+04 4.225226119160652161e-02
1.020000000000000000e+04 4.107217863202095032e-02
1.021000000000000000e+04 4.025309160351753235e-02
1.022000000000000000e+04 3.943356871604919434e-02
1.023000000000000000e+04 3.861361369490623474e-02
1.024000000000000000e+04 3.779321908950805664e-02
1.025000000000000000e+04 3.697238489985466003e-02
1.026000000000000000e+04 3.615111112594604492e-02
1.027000000000000000e+04 3.532938286662101746e-02
1.028000000000000000e+04 3.450719639658927917e-02
1.029000000000000000e+04 3.368454053997993469e-02
1.030000000000000000e+04 3.286140412092208862e-02
1.031000000000000000e+04 3.203778341412544250e-02
1.032000000000000000e+04 3.121367841958999634e-02
1.033000000000000000e+04 3.038908168673515320e-02
1.034000000000000000e+04 2.956400066614151001e-02
1.035000000000000000e+04 2.873843535780906677e-02
1.036000000000000000e+04 2.791238389909267426e-02
1.037000000000000000e+04 2.708585560321807861e-02
1.038000000000000000e+04 2.625885792076587677e-02
1.039000000000000000e+04 2.543140016496181488e-02
1.040000000000000000e+04 2.460350282490253448e-02
1.041000000000000000e+04 2.416310645639896393e-02
1.042000000000000000e+04 2.372238039970397949e-02
1.043000000000000000e+04 2.328133583068847656e-02
1.044000000000000000e+04 2.283997833728790283e-02
1.045000000000000000e+04 2.239831723272800446e-02
1.046000000000000000e+04 2.195635996758937836e-02
1.047000000000000000e+04 2.151411771774291992e-02
1.048000000000000000e+04 2.107159979641437531e-02
1.049000000000000000e+04 2.062881551682949066e-02
1.050000000000000000e+04 2.018577791750431061e-02
1.051000000000000000e+04 1.974249817430973053e-02
1.052000000000000000e+04 1.929901540279388428e-02
1.053000000000000000e+04 1.885535754263401031e-02
1.054000000000000000e+04 1.841156370937824249e-02
1.055000000000000000e+04 1.796766184270381927e-02
1.056000000000000000e+04 1.752368547022342682e-02
1.057000000000000000e+04 1.707965880632400513e-02
1.058000000000000000e+04 1.663560792803764343e-02
1.059000000000000000e+04 1.619155332446098328e-02
1.060000000000000000e+04 1.574674807488918304e-02
1.061000000000000000e+04 1.531073078513145447e-02
1.062000000000000000e+04 1.488712895661592484e-02
1.063000000000000000e+04 1.447561755776405334e-02
1.064000000000000000e+04 1.407583337277173996e-02
1.065000000000000000e+04 1.368739828467369080e-02
1.066000000000000000e+04 1.330993603914976120e-02
1.067000000000000000e+04 1.294307783246040344e-02
1.068000000000000000e+04 1.258644647896289825e-02
1.069000000000000000e+04 1.223967876285314560e-02
1.070000000000000000e+04 1.190240215510129929e-02
1.071000000000000000e+04 1.157425623387098312e-02
1.072000000000000000e+04 1.125487312674522400e-02
1.073000000000000000e+04 1.094389054924249649e-02
1.074000000000000000e+04 1.064094807952642441e-02
1.075000000000000000e+04 1.034568436443805695e-02
1.076000000000000000e+04 1.005774550139904022e-02
1.077000000000000000e+04 9.776794351637363434e-03
1.078000000000000000e+04 9.502491913735866547e-03
1.079000000000000000e+04 9.234500117599964142e-03
1.080000000000000000e+04 8.972480893135070801e-03
1.081000000000000000e+04 8.716127835214138031e-03
1.082000000000000000e+04 8.465270511806011200e-03
1.083000000000000000e+04 8.219766430556774139e-03
1.084000000000000000e+04 7.979477755725383759e-03
1.085000000000000000e+04 7.744262926280498505e-03
1.086000000000000000e+04 7.513980381190776825e-03
1.087000000000000000e+04 7.288487162441015244e-03
1.088000000000000000e+04 7.067637052386999130e-03
1.089000000000000000e+04 6.851286161690950394e-03
1.090000000000000000e+04 6.639287341386079788e-03
1.091000000000000000e+04 6.431488320231437683e-03
1.092000000000000000e+04 6.227744277566671371e-03
1.093000000000000000e+04 6.027903873473405838e-03
1.094000000000000000e+04 5.831818096339702606e-03
1.095000000000000000e+04 5.639337468892335892e-03
1.096000000000000000e+04 5.450313910841941833e-03
1.097000000000000000e+04 5.264595150947570801e-03
1.098000000000000000e+04 5.082034040242433548e-03
1.099000000000000000e+04 4.902476910501718521e-03
1.100000000000000000e+04 4.725775681436061859e-03
